 303011.19 2777099.33
 301780.67 2779753.04
 299450.62 2779921.60
 299160.46 2782080.53
 299160.46 2782080.53
 297467.33 2781875.13
 296008.53 2780939.66
 295998.49 2783908.21
 294598.30 2786650.59
 295665.50 2786997.52
 295874.94 2787651.76
 295326.50 2788912.68
 296432.56 2789625.35
 297304.09 2791101.59
 297049.62 2791842.86
 299183.59 2792382.14
 298747.47 2793189.18
 300369.06 2793283.73
 302192.18 2795971.29
 303865.50 2795634.47
 304301.01 2795038.04
 305151.50 2796437.20
 306273.10 2795566.73
 306447.74 2797162.57
 307190.80 2797686.33
 307289.19 2795859.01
 308451.52 2797259.71
 309362.64 2796189.19
 309935.37 2796501.88
 311260.03 2795344.71
 312133.20 2793842.19
 309807.11 2791339.34
 308549.17 2788653.18
 310198.79 2789358.27
 311954.11 2788945.24
 312786.67 2787608.74
 314249.76 2787250.04
 315970.57 2787801.08
 317423.38 2785470.93
 316027.05 2784478.19
 314355.70 2784038.16
 317683.66 2783810.64
 318678.96 2782364.52
 318340.78 2781443.40
 319704.72 2780918.62
 319930.71 2780111.14
 320739.91 2779639.00
 320917.70 2778421.43
 322812.54 2776769.85
 323125.06 2774921.62
 323322.11 2775797.78
 328190.61 2776467.33
 329384.57 2777570.90
 330811.05 2776848.17
 331691.51 2776366.02
 331858.62 2775414.36
 332754.15 2775796.40
 332541.93 2777523.20
 330795.31 2777800.74
 330467.06 2778729.31
 331155.37 2778312.45
 332818.35 2778510.78
 333921.60 2779514.52
 337285.31 2778682.69
 338826.94 2778914.22
 340709.60 2777907.48
 339012.75 2772080.51
 340047.45 2771256.48
 340047.45 2771256.48
 341123.90 2770244.47
 340325.56 2768876.62
 338647.15 2769330.89
 337427.81 2769035.02
 336595.94 2769705.45
 337466.71 2770840.91
 336539.23 2770690.99
 337805.90 2771452.35
 337123.31 2772467.12
 336085.71 2772194.67
 334800.33 2772818.04
 334271.32 2771884.26
 335095.07 2770859.16
 332090.83 2770353.37
 332278.08 2769423.99
 330678.19 2768605.81
 330058.80 2767516.59
 331406.32 2768366.42
 332161.12 2767052.73
 332473.44 2768826.99
 334186.67 2769247.30
 334986.79 2768798.08
 336065.45 2769004.22
 336565.32 2766570.33
 337231.47 2768169.72
 338676.82 2767868.85
 337485.19 2766376.79
 338213.61 2764564.75
 338342.94 2766426.61
 340516.05 2766019.86
 340923.02 2767063.86
 342281.69 2766175.67
 343051.76 2767244.34
 344461.26 2766323.47
 345419.02 2766507.36
 345871.81 2768161.11
 347497.56 2768072.91
 348014.30 2766392.77
 348900.32 2766720.41
 345379.66 2764911.89
 342448.30 2763928.03
 341164.50 2762634.43
 340256.14 2761033.25
 339340.49 2760517.69
 336228.64 2760719.32
 337543.17 2760461.79
 337843.20 2759344.89
 336751.89 2756225.21
 335800.16 2756562.63
 334117.92 2755776.82
 334166.13 2754503.23
 332150.13 2752020.83
 331092.04 2751516.09
 329998.60 2751864.16
 325970.42 2747499.17
 323998.61 2747621.37
 324366.62 2746859.04
 323342.02 2745635.10
 324730.92 2744922.56
 322927.25 2743772.00
 321671.20 2744208.49
 320909.91 2742819.97
 319646.81 2742647.39
 319386.96 2742036.87
 320587.03 2740702.66
 319682.44 2739590.41
 317131.05 2740131.62
 316916.22 2738546.62
 318295.52 2737800.15
 318724.81 2736905.07
 313881.28 2734267.83
 314917.90 2733286.84
 313433.73 2732571.08
 312924.75 2731006.99
 313799.45 2727854.20
 316188.12 2727909.68
 317243.57 2727349.84
 319807.42 2728824.58
 320544.67 2727155.75
 318958.33 2726549.66
 319379.47 2725333.34
 320273.98 2724628.93
 323058.54 2726526.29
 324174.55 2726078.05
 322570.00 2725083.78
 322536.32 2723776.57
 324154.03 2724228.15
 324384.24 2722833.73
 324850.94 2724553.10
 326007.85 2724072.00
 326623.72 2724396.60
 327327.89 2723403.59
 329665.57 2723660.46
 330010.08 2721856.93
 329590.31 2720879.78
 331782.89 2721767.53
 333390.86 2720458.92
 332461.91 2718260.21
 335213.60 2718863.81
 335763.17 2718446.26
 334992.86 2720180.60
 336021.01 2719345.06
 336519.10 2715792.49
 335970.18 2714437.74
 334302.72 2713696.52
 333142.29 2714575.70
 331655.43 2714123.88
 331210.00 2712304.72
 333096.44 2712061.03
 334622.43 2709422.85
 332533.45 2707848.59
 330019.87 2707756.48
 328596.44 2708501.63
 326421.02 2711480.24
 326486.79 2710572.33
 327609.75 2709116.41
 326089.29 2707247.24
 327774.51 2706824.50
 325897.21 2705274.60
 325897.21 2705274.60
 324401.40 2704369.41
 324408.68 2702995.99
 325518.12 2704120.62
 327273.16 2703975.10
 328627.78 2702908.21
 327908.71 2704565.66
 328512.13 2705455.14
 329349.40 2704418.66
 327958.52 2697410.61
 326088.02 2692482.53
 324558.46 2691942.71
 324836.68 2693062.88
 323116.78 2694006.40
 323185.13 2692566.86
 321420.33 2692369.52
 317933.12 2693681.42
 318769.88 2692721.86
 323892.83 2691141.73
 324468.55 2687821.92
 323451.07 2686310.25
 323388.62 2684648.52
 322012.90 2683622.47
 319714.99 2684220.15
 320908.83 2683063.10
 320643.27 2681333.93
 319865.56 2680455.08
 317270.03 2679478.93
 317270.03 2679478.93
 317013.05 2677971.41
 316174.44 2676992.80
 315188.41 2674906.01
 314769.89 2673098.76
 313307.57 2672870.66
 312011.30 2674171.87
 311810.58 2673595.07
 312985.23 2672226.84
 313226.29 2670577.65
 310888.39 2668252.67
 309305.61 2667526.09
 310854.16 2666746.25
 310024.56 2663364.71
 308860.68 2662019.74
 308837.42 2660258.66
 307375.29 2657096.25
 305647.75 2656602.12
 304405.79 2656807.78
 305478.87 2655549.31
 304810.79 2651991.59
 301702.82 2650285.56
 302288.44 2648781.47
 303524.55 2647589.90
 301175.55 2644004.11
 300885.00 2645542.51
 300024.84 2641098.41
 298427.86 2640505.99
 297220.33 2639139.77
 297098.21 2635983.03
 297592.67 2634334.49
 296537.56 2632913.48
 296389.50 2631417.91
 295122.20 2629298.62
 295122.20 2629298.62
 295035.66 2627626.07
 296490.29 2628594.16
 297909.92 2627757.10
 296558.38 2626434.81
 297367.23 2625374.25
 296420.62 2618493.82
 298040.52 2619086.03
 298984.19 2620551.03
 300486.03 2619803.09
 299379.61 2621239.00
 300002.72 2623910.14
 299595.82 2626610.99
 301073.27 2629728.15
 302301.71 2631072.59
 303638.08 2636227.33
 304702.44 2637648.92
 305002.89 2639001.21
 306496.15 2640048.04
 308593.46 2642769.81
 310281.14 2645866.76
 310643.22 2644506.03
 309995.54 2641103.23
 308970.25 2640279.44
 309667.60 2639130.50
 309020.37 2637987.10
 309044.09 2637167.64
 308235.00 2635702.45
 307507.31 2634226.55
 307321.30 2632309.84
 306770.70 2632385.19
 305889.86 2633533.56
 304978.42 2632046.02
 305553.44 2630918.58
 304070.75 2629495.38
 305213.51 2629189.59
 306657.82 2629981.48
 307195.42 2628056.56
 306254.88 2626125.84
 305482.99 2625358.70
 304147.58 2622562.80
 304774.97 2621147.58
 304257.20 2617778.91
 302912.07 2614584.44
 302769.19 2611770.96
 301463.26 2611677.70
 300325.58 2613102.36
 299264.24 2613131.96
 299126.01 2611758.25
 298116.85 2611411.58
 299261.81 2610828.44
 300358.83 2612338.33
 300772.67 2610711.80
 301773.30 2610582.41
 300235.80 2609536.03
 299700.43 2607895.17
 298280.86 2608100.83
 297710.90 2607589.53
 298132.20 2606749.25
 299732.29 2607529.82
 302388.16 2609886.90
 302657.83 2608691.82
 301641.69 2607392.47
 300480.21 2603778.12
 299937.06 2598360.84
 300694.88 2597798.64
 299391.60 2596542.80
 298000.61 2597047.61
 296432.33 2598736.95
 296142.05 2600098.18
 294926.49 2600160.85
 295184.00 2599452.88
 293965.31 2600545.54
 294523.71 2601632.52
 293320.95 2600864.78
 292672.70 2599024.54
 291006.27 2599584.58
 291115.98 2600526.21
 289482.72 2600233.79
 289232.96 2601971.78
 287892.17 2603153.21
 286210.49 2601886.49
 286210.49 2601886.49
 286746.69 2599816.93
 288097.96 2598613.28
 287182.01 2597304.18
 288276.48 2596742.20
 286992.53 2595476.45
 285639.57 2593081.09
 284690.40 2592613.71
 283451.26 2589321.83
 281919.36 2588775.80
 281956.81 2590359.48
 281163.07 2588752.04
 281901.68 2587502.25
 284776.43 2586467.78
 286445.35 2589528.26
 289663.88 2593656.17
 291255.75 2598034.88
 291740.96 2596231.14
 293383.86 2596856.06
 293531.51 2598739.13
 296066.78 2598049.18
 296347.91 2596355.69
 298617.56 2595831.46
 299256.59 2594150.28
 298880.65 2593517.79
 299008.24 2592023.18
 297784.19 2591343.62
 298158.34 2589428.99
 296287.67 2589522.66
 296208.34 2588747.22
 297538.21 2588397.07
 296092.95 2586421.27
 296092.95 2586421.27
 294739.28 2581079.36
 293485.43 2579724.58
 292662.54 2577806.37
 291876.11 2577394.39
 292166.39 2576033.11
 290871.12 2574612.01
 291204.44 2572475.65
 290196.97 2570435.29
 290660.50 2569329.16
 289493.65 2569381.38
 290089.05 2568707.47
 289157.90 2568627.47
 289217.01 2565615.53
 289855.78 2564089.04
 289527.32 2560544.54
 286999.93 2559740.75
 289708.09 2558031.27
 287894.12 2558469.51
 287774.89 2557018.55
 286577.49 2556605.85
 285781.31 2555441.18
 285754.97 2553602.89
 285201.19 2553834.13
 284270.07 2553322.58
 282074.12 2545355.82
 280928.85 2543991.38
 278638.82 2546046.51
 278797.37 2548892.71
 277354.20 2547882.32
 277377.41 2546398.51
 278097.78 2544860.63
 277833.43 2543686.35
 277472.04 2545092.01
 276489.08 2544459.06
 277516.41 2543253.90
 279289.09 2543733.41
 280278.59 2541088.81
 277595.89 2539046.15
 276798.86 2537439.07
 275275.89 2534346.98
 272868.30 2532316.74
 272214.20 2530610.48
 270634.98 2529932.78
 267405.71 2527348.66
 268094.54 2526330.74
 266658.86 2525221.78
 267449.96 2524569.35
 267738.59 2523528.82
 267206.11 2522365.53
 265975.03 2521544.77
 264578.02 2522307.41
 263991.24 2524045.33
 264349.05 2525595.90
 264029.23 2527356.23
 265637.20 2530546.88
 264505.73 2533458.01
 263285.51 2532825.71
 263163.67 2531363.94
 264651.57 2531177.07
 262009.62 2524630.51
 262031.57 2522836.68
 261139.50 2521396.50
 259927.28 2522514.04
 257270.16 2518780.92
 257270.16 2518780.92
 255874.05 2517695.16
 254879.30 2513409.57
 253225.65 2512578.66
 252136.94 2511150.06
 250503.42 2510961.68
 252013.73 2510552.11
 253657.45 2511139.28
 253873.57 2509666.63
 251459.33 2506344.35
 250483.08 2504251.52
 250483.08 2504251.52
 249907.49 2503199.59
 249290.66 2501472.25
 247820.46 2500586.57
 244407.20 2500521.00
 244540.69 2500044.82
 248036.26 2499778.23
 248550.24 2498848.06
 247264.61 2496700.12
 246153.44 2494463.67
 241452.12 2492483.55
 244250.09 2492770.14
 245309.39 2492227.22
 244598.54 2489138.18
 244052.61 2487477.48
 243300.91 2486193.37
 240656.42 2486460.48
 238617.97 2485144.21
 243341.65 2485218.96
 243248.35 2483657.76
 241342.65 2480713.41
 240393.98 2478123.00
 240393.98 2478123.00
 237531.10 2477338.89
 239394.40 2476839.24
 239712.74 2475543.54
 234306.63 2475658.80
 234738.44 2474960.80
 235819.68 2474915.48
 234150.49 2474020.23
 237240.51 2474548.86
 236456.50 2473010.45
 234962.02 2471893.50
 236135.26 2470818.38
 237485.53 2471902.34
 237319.39 2470263.75
 236206.57 2469921.45
 236812.47 2467706.44
 234988.51 2467331.64
 234010.00 2467598.35
 233030.43 2466868.61
 231927.96 2466858.78
 233452.74 2466746.36
 233956.54 2465716.10
 232646.52 2464455.25
 236275.63 2466466.80
 237294.12 2464550.41
 236139.71 2464252.44
 234365.72 2462737.21
 235519.36 2462049.61
 237025.08 2463210.88
 237693.63 2461538.42
 237064.66 2461228.90
 238032.62 2460054.46
 237175.88 2458604.67
 236833.63 2456157.98
 235039.06 2455572.77
 235306.25 2454631.37
 234459.76 2453668.90
 236615.08 2453788.71
 236954.25 2452437.61
 236395.61 2450422.94
 236827.18 2448496.02
 236827.18 2448496.02
 235776.08 2449681.66
 235991.15 2447954.20
 234938.74 2447755.88
 236185.90 2446536.80
 234514.83 2446781.94
 233566.39 2447436.16
 232946.61 2446694.99
 234648.19 2446006.76
 233109.31 2444491.46
 236525.09 2445063.91
 237576.94 2444354.42
 236987.37 2442627.65
 237388.42 2440877.94
 236623.62 2439594.21
 237726.64 2437855.00
 236620.97 2436471.89
 236011.82 2436394.92
 235700.74 2434878.33
 234656.92 2433783.18
 233768.42 2433263.69
 232096.44 2433918.74
 233182.15 2435401.20
 233008.18 2436829.68
 233505.37 2438434.60
 231668.31 2438669.14
 230989.03 2440297.54
 231063.11 2441825.40
 230071.94 2441461.25
 230562.18 2437308.60
 229909.67 2435604.32
 229146.32 2436070.34
 227865.94 2435894.93
 226695.05 2432984.67
 227582.92 2432883.73
 228530.87 2431398.77
 229152.77 2433136.24
 231845.67 2431339.25
 231224.31 2429856.33
 231418.47 2428095.66
 229714.65 2428440.99
 228714.16 2429471.99
 227351.39 2429839.26
 226950.90 2431412.06
 226546.17 2430072.95
 224965.98 2430031.08
 224134.88 2433354.03
 226676.97 2434723.01
 224973.40 2434714.54
 224149.87 2436199.53
 224978.45 2437892.23
 223698.20 2437739.30
 223793.96 2439455.32
 224518.95 2440993.16
 226263.96 2441555.11
 224716.46 2441878.61
 223290.44 2440773.75
 222465.47 2441162.70
 223695.22 2442134.95
 223656.65 2443751.55
 225379.55 2443549.46
 225103.40 2445100.00
 225786.88 2446726.54
 226964.47 2447743.42
 225024.12 2447148.48
 224402.35 2445444.36
 222772.47 2445613.19
 223171.92 2443896.31
 221530.21 2443312.37
 219128.21 2449738.82
 218281.84 2454556.98
 220014.41 2454675.36
 220335.96 2455671.25
 221955.19 2455911.86
 223614.39 2455421.79
 221884.85 2456930.64
 220718.66 2456312.73
 219318.15 2457179.06
 218234.51 2456638.68
 216926.26 2457183.94
 218248.11 2458255.23
 218094.83 2458919.88
 216290.40 2458735.44
 215376.30 2460265.44
 216688.04 2461502.71
 218389.46 2461875.63
 220140.76 2461429.28
 220112.55 2462846.60
 219883.85 2461828.38
 218091.90 2462529.51
 217290.59 2463760.22
 216525.15 2462444.22
 214844.49 2462126.81
 213703.65 2463502.42
 213716.38 2464543.21
 214737.88 2465116.63
 213688.98 2466049.14
 215144.03 2467020.20
 215382.68 2467772.60
 212835.84 2466925.89
 212071.40 2470338.10
 213255.98 2470313.11
 213447.19 2472770.78
 213076.70 2472893.46
 212414.53 2471654.91
 210702.03 2474681.99
 212422.36 2474888.11
 211972.31 2476140.42
 212112.00 2478520.72
 210534.72 2477727.42
 211495.69 2479098.02
 213598.97 2480377.37
 213598.97 2480377.37
 213836.93 2480886.15
 212589.76 2480235.83
 210583.44 2480683.72
 210998.79 2482099.99
 210797.53 2483916.44
 211745.53 2484368.05
 211162.74 2485897.55
 211639.46 2487236.17
 211373.64 2487923.35
 212159.80 2489615.55
 211082.96 2490980.20
 211952.31 2493081.88
 211935.58 2494632.13
 212936.09 2495814.49
 212186.16 2496148.51
 211664.05 2497102.08
 211575.05 2498519.64
 212235.82 2499614.23
 213851.22 2500108.62
 213565.42 2500984.06
 212279.48 2500643.91
 211634.08 2501564.57
 212756.84 2506688.62
 211779.68 2506347.77
 210938.44 2502906.17
 210197.88 2502741.98
 211511.91 2510201.89
 211511.91 2510201.89
 212942.87 2511349.95
 212610.46 2514052.61
 211627.67 2515372.77
 212287.11 2516212.68
 212604.51 2515813.26
 213383.22 2519299.43
 212378.45 2519921.99
 211756.15 2521529.17
 212189.76 2522491.46
 211741.56 2523887.81
 212094.90 2525614.36
 211153.46 2526735.16
 209441.11 2527348.68
 207877.59 2529766.95
 206090.44 2529196.21
 207509.33 2530177.70
 206660.23 2531077.06
 207627.51 2532070.93
 206993.70 2532881.08
 207590.43 2537131.62
 208660.28 2538291.37
 208219.93 2538525.13
 206803.03 2537953.30
 205507.08 2536694.68
 202098.44 2535630.98
 197513.79 2532822.45
 198360.02 2534270.18
 201024.35 2536542.47
 202532.14 2539804.37
 200128.14 2541572.85
 197849.97 2538070.20
 199089.09 2540557.55
 198711.93 2544224.23
 197631.11 2542965.55
 197171.65 2537662.84
 195836.76 2534367.61
 195912.37 2532562.34
 193731.68 2531053.20
 194180.29 2530276.38
 192814.67 2530048.94
 194676.36 2528436.34
 193982.92 2526855.36
 194226.76 2526178.97
 192881.72 2526062.17
 192084.70 2524315.56
 193215.83 2524831.74
 194156.04 2523698.75
 192970.46 2522363.25
 191310.22 2523133.66
 193047.65 2521045.21
 192472.67 2521047.38
 191400.11 2519822.31
 192199.31 2519365.23
 192400.86 2518356.78
 191177.79 2518095.69
 192068.24 2517306.05
 191408.44 2516655.24
 191165.50 2514917.64
 190390.80 2516437.72
 189059.02 2514726.60
 190597.89 2514233.28
 190069.35 2513050.48
 187578.90 2511986.35
 188387.05 2513666.24
 187889.53 2515096.75
 189010.30 2517949.20
 188416.28 2518350.25
 192072.87 2521215.00
 191250.37 2520930.25
 189909.48 2521987.49
 188683.11 2520851.81
 187770.38 2521121.29
 185971.84 2520719.04
 187971.30 2522548.97
 188265.21 2524131.30
 189190.29 2524426.56
 188589.00 2525503.13
 189870.26 2525043.97
 189916.32 2526306.19
 190947.94 2527642.05
 192335.81 2528256.82
 190821.23 2529358.96
 190907.70 2530477.07
 191756.81 2529809.35
 192654.18 2531024.03
 192278.21 2531988.87
 191455.56 2531515.87
 191110.46 2532480.62
 191865.86 2534149.83
 192086.58 2532853.36
 193345.05 2531929.47
 194581.38 2533320.17
 193597.78 2533667.09
 195892.78 2535685.18
 196297.83 2539969.26
 194208.86 2543542.62
 194079.46 2541826.66
 193236.30 2541198.61
 191691.78 2536885.72
 190355.68 2536204.37
 189890.21 2537800.85
 189063.32 2536220.61
 189063.32 2536220.61
 189505.27 2538998.37
 189043.92 2539033.45
 189298.88 2541225.04
 186203.05 2539011.99
 185274.76 2540167.63
 186175.99 2539886.94
 186086.99 2540662.49
 187433.42 2541409.86
 188186.27 2542458.78
 186963.42 2541810.49
 186369.80 2542067.69
 187823.61 2544021.70
 187784.12 2544387.30
 186830.90 2544435.57
 186446.86 2545743.92
 185444.87 2543965.28
 185676.72 2545437.13
 184268.36 2544535.15
 184151.46 2545930.99
 185769.98 2545669.28
 184848.73 2548342.09
 185428.02 2547198.96
 186199.77 2547904.40
 186340.15 2549587.06
 187091.89 2550447.66
 187629.75 2546713.47
 188490.30 2546599.18
 188055.18 2545482.50
 189489.46 2545266.25
 189065.78 2541901.49
 190688.30 2542526.22
 190338.54 2544819.90
 190580.33 2543744.77
 191578.40 2544671.07
 191427.16 2542689.43
 193842.97 2544396.67
 192416.55 2544025.55
 193509.04 2545560.67
 192245.38 2544834.60
 192384.55 2546373.34
 193955.40 2547053.97
 193456.46 2547930.68
 194253.63 2547318.63
 194188.43 2546322.23
 195254.17 2546240.79
 195539.53 2548609.55
 194895.73 2549121.30
 195023.38 2550394.33
 196490.79 2550953.79
 194788.95 2550738.48
 194115.49 2551505.08
 196136.88 2552272.85
 194365.77 2552677.99
 194092.72 2553642.44
 192172.75 2552586.63
 191743.41 2552842.99
 193975.04 2555049.27
 195010.09 2555145.10
 194718.05 2553739.78
 196183.75 2553911.62
 197316.90 2552755.91
 199121.71 2553203.69
 197447.32 2554881.64
 197797.79 2555500.55
 196726.47 2556711.38
 198365.49 2556738.86
 197497.94 2557627.79
 196249.23 2557875.86
 195639.12 2559096.20
 198979.70 2559627.04
 197609.09 2563031.50
 197609.09 2563031.50
 197701.96 2566154.05
 198954.97 2567356.77
 197876.69 2569276.33
 199007.42 2570712.04
 197621.96 2569598.37
 197800.27 2567914.48
 197099.69 2566632.37
 195699.09 2567124.67
 195349.07 2566583.32
 195383.60 2564833.49
 194232.93 2563752.49
 194614.83 2561824.18
 194614.83 2561824.18
 193157.34 2560921.59
 192722.20 2562274.29
 191007.88 2561184.63
 191352.60 2562910.84
 190078.47 2561797.41
 190811.91 2563411.31
 190674.13 2564807.20
 189401.14 2563948.54
 188432.57 2562457.49
 188436.78 2563476.30
 187682.14 2561751.86
 188019.94 2564186.77
 187077.38 2564035.69
 187317.05 2565031.36
 188282.18 2565702.85
 188895.22 2565412.40
 190535.44 2565970.54
 189935.98 2567091.44
 191231.51 2565956.70
 192391.14 2566694.14
 192978.81 2567788.22
 192605.48 2569185.00
 194096.08 2570929.04
 191720.97 2570694.53
 191000.71 2569711.77
 190852.88 2571140.93
 189181.45 2570317.11
 188183.79 2569125.20
 186807.51 2570404.53
 186751.95 2571777.98
 187821.87 2570688.18
 188496.64 2572999.90
 188868.34 2571326.15
 190017.91 2572174.18
 188837.04 2573662.95
 190376.76 2574897.01
 191551.72 2574493.66
 190838.99 2572791.05
 191744.13 2571381.04
 193453.10 2571385.51
 191931.27 2572133.35
 193203.59 2573036.52
 194150.12 2571692.95
 193682.01 2572381.32
 195229.60 2573051.05
 193955.04 2574229.68
 194112.34 2575247.91
 193329.17 2576446.90
 192371.58 2574844.83
 193015.72 2577400.49
 194102.20 2577983.29
 192353.12 2577989.99
 190002.12 2575861.98
 190203.24 2577533.39
 190203.24 2577533.39
 192479.43 2578908.67
 195090.50 2579696.10
 193362.42 2579791.21
 195057.94 2581944.30
 193187.90 2582283.60
 194072.79 2583730.96
 195364.36 2584612.08
 194857.54 2585787.84
 196312.41 2586657.35
 198172.90 2586650.70
 197847.66 2587183.41
 196417.49 2587443.25
 197810.97 2588368.50
 198657.68 2587889.33
 196977.16 2589578.57
 195899.66 2588397.53
 194634.55 2589022.39
 195588.89 2590048.76
 194640.83 2590694.60
 195706.91 2591565.52
 197861.22 2591015.09
 198521.19 2589783.51
 199908.06 2588870.64
 200148.84 2590553.12
 198460.50 2592884.55
 199899.98 2592503.05
 200524.30 2592799.94
 199763.12 2597309.80
 197859.15 2596197.91
 198375.86 2597879.40
 196539.35 2598472.92
 198503.09 2599207.89
 199837.31 2598095.83
 201280.65 2599021.22
 201605.96 2598555.02
 202364.50 2599383.12
 202768.46 2601131.57
 201494.59 2601944.16
 200152.74 2600741.54
 199850.07 2601827.87
 200749.50 2602057.39
 201508.76 2603140.15
 200947.86 2603352.43
 202299.73 2604588.31
 200033.04 2604573.72
 198880.81 2605009.60
 198607.48 2605675.03
 196068.61 2603790.41
 195591.96 2604667.07
 196275.50 2607300.30
 197751.53 2606132.12
 199393.48 2605639.07
 201622.10 2606539.64
 199795.44 2606745.14
 199216.83 2607688.47
 201114.11 2607272.25
 201167.56 2607991.92
 199581.17 2609736.01
 200595.35 2610840.00
 202381.87 2611000.18
 201773.90 2612320.05
 204148.91 2614715.58
 204148.91 2614715.58
 205173.73 2616185.31
 205556.43 2617900.69
 209137.57 2621777.38
 209076.14 2625310.35
 209936.89 2626880.55
 210033.10 2628497.18
 213182.04 2632209.93
 212675.63 2633418.37
 210277.38 2635794.75
 209364.82 2637347.75
 209608.80 2644434.96
 210163.25 2646105.73
 209277.17 2649574.66
 209322.90 2651346.52
 205942.35 2660703.87
 205136.11 2659820.37
 205199.66 2660628.65
 204460.54 2661672.05
 204707.70 2662645.89
 205656.41 2663606.45
 206335.52 2662895.55
 206399.88 2663991.79
 206967.69 2663458.46
 208686.70 2663641.66
 209987.84 2659861.35
 209791.23 2658665.79
 211124.95 2655361.75
 212805.62 2652178.77
 215950.08 2647862.84
 218066.65 2642929.70
 219378.45 2642085.17
 220329.64 2644087.71
 219018.97 2645397.29
 219939.35 2647344.50
 217199.31 2651071.64
 217244.08 2652854.60
 217471.95 2654614.99
 218289.18 2656086.12
 219704.97 2656869.38
 218700.79 2658222.68
 218469.62 2659485.74
 219590.61 2660502.21
 218972.23 2661433.83
 219542.05 2661576.58
 220115.93 2663668.55
 221865.53 2664008.32
 221317.75 2664651.76
 222153.93 2665901.58
 222485.99 2669389.57
 220825.44 2672493.90
 215860.61 2674310.21
 214389.96 2675365.96
 213428.59 2676852.48
 211795.34 2677720.66
 209106.69 2675335.88
 209106.69 2675335.88
 209455.78 2673053.37
 208226.35 2669634.68
 205262.41 2670906.26
 203869.74 2673945.35
 203814.24 2675628.98
 206007.38 2678457.31
 206642.34 2680149.89
 206749.88 2685432.54
 207779.41 2686802.79
 208016.65 2688064.68
 209238.64 2689412.31
 212518.66 2690012.38
 211557.90 2691277.56
 209926.61 2692201.37
 211126.65 2693139.43
 213014.60 2693355.86
 212122.64 2693723.72
 213685.58 2693852.51
 212756.19 2695405.50
 213934.85 2696100.19
 215219.71 2694657.15
 218272.82 2698781.10
 218864.87 2700474.33
 218107.96 2702115.20
 218787.55 2702191.20
 217826.28 2703101.57
 219145.92 2703763.14
 217809.40 2704585.73
 218318.17 2705393.09
 217539.93 2706435.97
 217522.12 2707499.27
 221186.72 2705110.02
 221099.35 2706993.04
 221913.76 2708708.10
 222223.20 2711409.93
 223823.83 2711129.96
 222001.22 2711897.70
 223309.36 2712371.40
 222195.92 2712982.72
 222847.38 2714509.88
 222171.96 2716216.87
 221110.06 2717082.93
 221346.11 2718577.66
 222532.10 2719051.53
 222889.33 2715240.80
 226127.11 2712798.25
 226747.28 2714037.68
 224258.47 2716024.58
 224654.99 2716810.23
 226617.25 2715045.78
 227126.66 2716783.81
 225779.84 2717051.89
 226986.19 2717603.64
 226663.25 2718324.09
 225438.68 2718902.13
 226452.02 2719199.43
 225998.54 2720529.28
 227353.61 2719308.69
 227608.49 2720349.39
 229315.36 2717212.34
 229490.32 2719083.87
 230316.34 2715892.90
 228327.09 2713536.74
 228327.09 2713536.74
 227745.65 2711089.94
 227945.84 2709505.82
 231463.79 2710276.01
 232741.98 2711271.18
 232938.91 2714870.49
 233415.81 2715479.08
 233715.79 2712089.60
 235024.03 2713062.79
 234621.37 2715466.62
 235654.16 2714922.82
 236789.51 2715608.39
 236810.13 2715984.94
 234238.66 2717471.73
 236740.46 2717303.00
 237742.51 2716416.04
 237146.54 2718277.27
 238382.18 2718176.51
 239608.40 2719017.29
 241624.16 2719414.65
 238201.61 2720247.80
 237309.90 2719705.88
 236662.70 2720725.44
 236297.18 2719762.21
 235587.80 2719342.06
 233432.04 2720618.15
 234252.90 2721115.60
 235974.15 2720814.72
 237058.36 2721489.29
 241088.30 2720854.82
 245949.70 2722458.52
 244927.38 2723511.05
 243611.07 2723389.75
 242172.79 2722471.21
 241150.44 2723025.60
 242780.76 2723279.40
 243247.29 2724885.14
 238508.96 2724522.75
 239643.87 2725862.02
 239149.01 2727368.69
 240848.57 2725905.48
 240768.26 2726924.49
 241790.63 2726912.78
 241133.69 2728519.16
 242408.47 2727588.04
 242621.43 2728318.93
 243187.75 2727343.98
 244281.08 2727664.68
 243460.59 2726358.11
 243966.04 2724751.90
 245474.62 2725028.22
 244229.83 2726125.18
 245313.41 2727320.94
 246021.68 2726312.84
 247671.72 2726312.46
 246568.44 2726822.17
 246892.45 2727198.67
 248957.44 2727674.62
 247763.10 2727995.95
 248481.88 2729269.56
 247814.19 2731052.85
 248846.35 2730676.15
 249908.91 2728660.32
 252064.49 2730299.68
 253764.15 2732182.91
 252489.23 2731972.19
 251467.38 2730565.42
 251163.76 2730831.21
 251092.85 2731761.57
 249868.46 2732104.87
 252782.35 2733633.61
 251315.22 2734419.77
 249898.82 2733555.80
 249301.82 2732293.18
 247480.40 2731927.89
 246599.85 2731064.17
 246994.14 2729336.26
 245607.55 2729203.72
 245547.53 2731407.81
 246741.84 2732415.38
 246741.84 2732415.38
 245001.52 2732593.11
 246296.97 2733711.36
 247612.24 2733655.69
 246995.41 2735206.42
 247592.56 2736801.22
 247582.19 2735361.37
 248634.34 2735870.71
 248735.65 2737465.62
 249251.34 2734375.43
 249888.73 2736136.46
 250900.36 2735228.28
 252690.96 2735339.27
 251588.26 2735483.08
 250839.57 2736789.96
 252104.02 2736546.43
 250323.66 2737963.98
 251183.20 2740179.20
 252123.88 2738983.12
 251830.47 2739846.99
 253498.92 2740655.85
 257272.83 2736957.98
 257879.09 2738099.13
 256694.31 2741000.38
 256835.38 2741997.28
 252921.52 2745351.91
 254164.91 2745418.68
 255813.00 2744666.11
 257057.13 2743392.96
 256581.50 2744300.95
 261131.30 2743838.68
 263174.42 2742932.25
 264539.05 2743254.82
 261221.54 2744769.13
 259432.01 2744978.24
 258238.40 2746162.60
 259904.70 2748389.97
 256903.96 2746416.62
 255842.21 2747291.13
 256053.99 2748387.74
 254416.89 2747766.86
 251445.22 2748929.21
 251657.29 2750302.66
 254253.78 2752263.67
 254909.93 2753980.68
 254273.04 2755298.52
 255595.14 2758333.85
 258797.03 2757803.87
 260049.11 2758225.62
 262549.91 2762503.09
 264991.09 2764488.18
 266294.77 2763293.44
 267838.37 2764115.00
 268505.74 2763318.40
 273208.63 2764388.88
 274662.93 2764059.14
 275482.59 2763019.46
 276813.27 2764052.10
 281238.12 2762721.24
 281595.71 2765269.62
 280623.14 2766829.18
 280498.12 2768578.97
 278441.05 2772595.28
 279216.13 2773427.65
 280748.89 2773741.16
 278080.84 2776039.31
 279107.87 2776883.28
 280118.13 2776132.28
 282398.71 2775705.52
 281265.85 2777065.29
 281749.61 2777221.48
 281344.63 2777896.21
 284008.43 2777382.00
 282947.16 2778320.90
 284824.45 2777738.52
 284760.44 2779111.85
 286090.07 2779680.22
 288648.25 2777239.31
 289069.95 2777905.11
 288621.11 2779698.24
 289625.92 2780930.64
 291236.99 2781666.50
 292990.96 2781793.77
 293625.77 2778771.85
 292491.73 2776995.99
 292306.36 2778224.93
 291006.86 2777733.58
 293524.14 2775858.35
 292212.72 2775898.54
 290192.29 2776933.63
 290934.39 2774997.43
 292117.70 2774004.14
 290761.49 2772094.84
 289190.28 2771126.58
 290571.66 2771462.91
 291291.37 2770368.49
 290477.95 2769036.87
 289680.89 2768968.07
 289118.06 2768157.86
 289251.93 2767227.82
 286328.38 2765912.72
 288487.84 2766162.31
 289912.41 2765712.25
 289970.32 2763164.84
 288748.90 2763083.79
 285999.30 2760539.80
 284222.43 2760380.18
 283721.98 2762671.75
 282594.57 2761240.17
 282265.34 2759544.72
 280452.23 2757436.08
 280452.23 2757436.08
 276695.94 2751701.87
 277455.39 2750894.81
 278513.62 2752248.25
 278995.16 2753888.53
 280681.41 2754313.09
 280235.75 2754832.68
 281444.93 2756186.70
 286023.97 2758834.11
 285633.21 2757636.84
 282669.04 2755403.14
 284706.42 2756670.83
 285858.97 2756275.04
 284203.56 2755794.54
 285174.47 2755342.87
 284884.13 2754312.03
 285941.49 2755621.76
 287651.95 2754430.10
 288142.36 2756092.90
 287512.51 2757398.17
 289038.64 2757059.06
 288429.35 2758220.35
 289875.97 2757415.91
 291287.90 2758128.97
 291907.34 2757034.28
 293231.29 2756794.70
 294470.94 2757651.55
 294689.18 2758870.66
 293146.31 2758123.61
 291790.93 2758772.92
 290362.55 2760252.88
 295658.90 2761853.43
 299092.72 2764468.30
 299125.23 2763848.12
 300704.89 2762580.07
 297822.26 2761129.76
 296786.72 2759797.00
 303357.30 2760773.57
 302320.88 2759805.92
 302104.51 2758276.53
 303232.85 2756408.91
 304819.02 2756348.69
 304167.50 2755061.23
 305611.95 2755111.30
 307154.65 2755826.53
 306175.32 2755689.57
 304827.67 2756714.25
 304236.16 2758140.79
 303236.34 2758114.72
 304123.23 2758605.56
 304744.15 2759926.14
 305651.24 2760372.86
 307307.70 2760302.14
 305980.01 2761470.78
 304284.27 2761297.81
 305379.37 2762675.70
 308080.27 2763872.10
 309425.47 2765639.08
 311063.86 2764959.52
 312893.99 2766529.65
 314558.46 2766758.94
 315271.47 2765410.94
 315235.38 2766629.23
 317102.27 2766737.95
 316827.73 2767146.46
 315021.67 2766993.75
 314160.27 2767720.76
 312313.13 2767734.37
 311269.26 2766433.66
 310528.03 2767416.20
 309108.61 2766546.00
 306266.44 2767940.77
 307538.84 2767779.91
 307977.15 2769144.21
 309608.77 2769904.45
 310347.55 2769431.39
 308910.05 2768118.05
 313616.83 2769545.91
 313399.35 2770741.21
 317054.46 2772364.84
 318169.22 2773411.61
 319746.73 2772710.65
 319245.09 2774137.04
 320846.63 2774632.66
 322812.54 2776769.85
 320917.70 2778421.43
 320160.79 2778517.21
 319389.25 2777527.38
 319044.78 2779818.61
 317727.26 2781130.17
 318358.88 2779848.38
 317830.71 2778582.94
 316955.98 2780085.10
 316258.40 2780447.23
 318048.15 2777454.15
 317942.01 2776489.91
 316279.97 2776016.49
 315721.31 2778904.90
 314637.34 2779929.88
 315161.26 2775811.71
 313885.97 2776725.06
 313153.22 2778128.43
 312213.25 2778567.18
 313329.05 2777187.70
 312392.31 2776906.45
 311337.55 2778186.59
 311209.68 2777466.01
 312277.00 2775654.22
 311834.26 2775408.51
 310202.41 2777162.44
 309723.86 2775886.49
 305436.12 2776056.68
 302403.95 2775014.54
 303136.11 2776102.90
 304616.74 2776640.44
 305558.40 2778228.25
 303011.19 2777099.33
