 292208.91 2731050.39
 290698.31 2731987.34
 289079.95 2731739.01
 290410.62 2733481.76
 286376.53 2736195.30
 287081.09 2737526.29
 288891.51 2737586.64
 290471.19 2736993.06
 291065.17 2737947.35
 286650.10 2739851.12
 288838.05 2742216.31
 290658.65 2742044.33
 291758.65 2742767.56
 291896.21 2744086.05
 292581.41 2744830.25
 292394.60 2746402.50
 290755.39 2746951.37
 290760.68 2748579.60
 292035.51 2748140.38
 293863.97 2745266.24
 293863.97 2745266.24
 295418.07 2746101.99
 297299.68 2748655.87
 299496.34 2750513.34
 299704.17 2748930.16
 298979.71 2748019.31
 299752.47 2746748.29
 297079.77 2744977.77
 297083.85 2743781.55
 294505.41 2740715.96
 294659.89 2739852.51
 295228.01 2739311.62
 298023.33 2741104.32
 299039.17 2739811.96
 296528.68 2737499.44
 297210.77 2736216.91
 298120.94 2736297.57
 299339.27 2735061.32
 299345.70 2733255.93
 300394.21 2734300.86
 300934.73 2735886.74
 300062.13 2736603.51
 299764.27 2737854.05
 301318.18 2738878.75
 302050.47 2740487.55
 302800.48 2742705.66
 301634.49 2743554.13
 303463.22 2746507.42
 304893.20 2745338.93
 306163.03 2746318.77
 304763.84 2747365.41
 305640.46 2748055.66
 308363.65 2744666.43
 309818.19 2744971.72
 311569.71 2744414.52
 311891.35 2744836.86
 311318.25 2746396.10
 309408.45 2748558.75
 311290.16 2748168.23
 313432.00 2746184.13
 316152.92 2747969.18
 317512.94 2746834.87
 316142.80 2745864.56
 312779.41 2745195.32
 312898.59 2743445.77
 311149.05 2743515.45
 310549.87 2741807.02
 305903.45 2743016.93
 302800.48 2742705.66
 302050.47 2740487.55
 302894.42 2739294.50
 304240.08 2739166.80
 304024.01 2737515.58
 305244.81 2738306.82
 305875.63 2737390.01
 304482.16 2736764.18
 303242.70 2735518.82
 304717.97 2735967.62
 305926.28 2734864.81
 305113.27 2733233.34
 303993.02 2732486.82
 302858.53 2727476.01
 302144.47 2728935.37
 302086.89 2730795.95
 301027.34 2729961.31
 300182.84 2728396.49
 298625.53 2727981.14
 299692.15 2724086.13
 298011.87 2723947.32
 297671.95 2722683.48
 298129.87 2722031.57
 294942.96 2721123.78
 295677.55 2719464.77
 293974.54 2719924.49
 293776.16 2718594.75
 294558.91 2717711.16
 292171.27 2716740.14
 293733.46 2716058.24
 292815.61 2714737.37
 291468.89 2714467.49
 292766.47 2714238.81
 291783.66 2710846.64
 290052.81 2710099.51
 290674.03 2709071.26
 289390.10 2707893.56
 288577.02 2704989.48
 291398.01 2707600.31
 292356.32 2709153.77
 293937.79 2709058.96
 294179.37 2709591.36
 293274.00 2710662.88
 295747.09 2713694.45
 295974.67 2715356.58
 297454.65 2715117.86
 297905.85 2716492.81
 298834.67 2717404.26
 298462.84 2713626.07
 301384.49 2715441.88
 303770.34 2714143.89
 304838.88 2715543.62
 305107.57 2716774.12
 303375.29 2716767.39
 302380.19 2720086.44
 303721.71 2718884.25
 305027.97 2718977.95
 306561.03 2718086.91
 306167.24 2720289.47
 306610.21 2723436.89
 308504.62 2720808.58
 308744.54 2719148.17
 309565.48 2719029.81
 311540.69 2721309.01
 312220.98 2720913.28
 311933.58 2719494.24
 313618.38 2718737.56
 314799.25 2719651.25
 315867.17 2718714.77
 315111.93 2715587.72
 315111.93 2715587.72
 315176.13 2714856.98
 316938.48 2717102.72
 317475.57 2714967.58
 318530.74 2714673.66
 318501.57 2716490.03
 319807.38 2716706.95
 321090.65 2715373.18
 324024.87 2716130.53
 325171.88 2717609.83
 324768.62 2719136.23
 325900.28 2717791.00
 327847.31 2719241.68
 328333.00 2717527.52
 329550.26 2717246.41
 328556.76 2715568.23
 329466.91 2714089.11
 329365.06 2712393.82
 328799.25 2712091.56
 327752.05 2716339.08
 326682.85 2715480.28
 326193.77 2714126.27
 324024.87 2716130.53
 321090.65 2715373.18
 320193.89 2714382.85
 320717.98 2712934.49
 322115.29 2713152.07
 323507.43 2712417.20
 324704.96 2710197.19
 326044.45 2709905.33
 324073.46 2708864.67
 324073.46 2708864.67
 322495.35 2708247.22
 320439.76 2705788.88
 320263.00 2708689.97
 317910.72 2708811.29
 316739.25 2710024.04
 315494.27 2707492.80
 317347.21 2705840.15
 316316.50 2705115.29
 316383.99 2703708.95
 317425.27 2702251.86
 318286.13 2702488.61
 319709.30 2701797.81
 320314.62 2700405.22
 321445.84 2701341.33
 324257.06 2699063.11
 324786.29 2700638.74
 326836.44 2698534.22
 326141.59 2695717.08
 324966.39 2697294.68
 322976.78 2695567.42
 322092.05 2693978.98
 320607.26 2694636.03
 320517.27 2696396.68
 319079.20 2695868.97
 319404.89 2697720.28
 318347.47 2698213.53
 317096.28 2696811.93
 316239.21 2697849.02
 315591.26 2701921.97
 314614.91 2702526.63
 313268.79 2701944.55
 314450.57 2702979.99
 315021.09 2704599.73
 313716.07 2706177.63
 312663.84 2705696.62
 311963.66 2708130.24
 311033.55 2707561.28
 310888.90 2705854.94
 309584.83 2704963.26
 308555.21 2706299.12
 308692.75 2704926.28
 310032.69 2702185.10
 308176.77 2702210.52
 307014.61 2701208.93
 304820.54 2702097.34
 303861.52 2703599.95
 302617.61 2702720.24
 303038.59 2701337.35
 304090.91 2701961.60
 304563.97 2700268.83
 305997.15 2699488.08
 305515.11 2698267.82
 307157.08 2698595.60
 309511.53 2698328.46
 310145.23 2699582.73
 312424.39 2697975.57
 311191.93 2696796.11
 311899.07 2695171.04
 310442.47 2694134.66
 308913.60 2693341.81
 307976.78 2694135.38
 306433.73 2694317.41
 307606.74 2692815.85
 310273.31 2690977.33
 308702.48 2690427.99
 308251.24 2689097.03
 311038.60 2690028.09
 311064.17 2691157.94
 311952.36 2692280.47
 312762.67 2692627.40
 314155.14 2692146.33
 315288.05 2692948.99
 317025.30 2692536.25
 316626.07 2691116.64
 318239.23 2691235.10
 318730.09 2690473.24
 319938.65 2690324.11
 320644.84 2689153.57
 321851.85 2689336.87
 321573.19 2690243.69
 322513.84 2688908.29
 323998.97 2688317.88
 322887.77 2687259.88
 322896.50 2685565.29
 320581.70 2687569.38
 317307.04 2688782.84
 315335.45 2687090.05
 315066.64 2685936.93
 316406.02 2686109.29
 317863.79 2684875.70
 318736.12 2685057.13
 319794.80 2682448.39
 318374.30 2682186.72
 317943.62 2680933.08
 316554.13 2680516.68
 315756.48 2679493.99
 314877.47 2676244.75
 314877.47 2676244.75
 314255.24 2674547.34
 313897.37 2681811.40
 312916.34 2683180.40
 311077.64 2683338.49
 311801.50 2682677.09
 311904.65 2679986.14
 311484.83 2678422.64
 311978.89 2676940.65
 310262.58 2676800.35
 308573.47 2677446.74
 307428.81 2676633.55
 306025.31 2677015.59
 303257.28 2675576.20
 303687.92 2677228.07
 305023.94 2678506.87
 300855.11 2676807.85
 300057.59 2678255.90
 300651.93 2679653.52
 298822.53 2679979.37
 298903.85 2682903.58
 300915.94 2685325.14
 300205.78 2685167.54
 299124.10 2683812.53
 297631.07 2680905.66
 296732.15 2682475.38
 296247.14 2681731.73
 297186.56 2680195.34
 298551.18 2679136.70
 298506.41 2677375.55
 295129.93 2678571.64
 294389.50 2678225.96
 296118.39 2677600.18
 296466.79 2676682.06
 294667.11 2677163.60
 293190.68 2674943.97
 293385.14 2674479.39
 295127.63 2676101.82
 299805.40 2674854.85
 301613.83 2674894.53
 301944.55 2673367.32
 303235.35 2673294.57
 304410.02 2674362.26
 305611.12 2673824.21
 307478.72 2674341.11
 307839.17 2673157.49
 309482.13 2673939.56
 310325.25 2671606.16
 311382.91 2671444.55
 310250.37 2670088.49
 306926.33 2670185.57
 306512.95 2669342.19
 307382.59 2667939.08
 305988.84 2668210.43
 306138.78 2666272.82
 304688.31 2665392.23
 303972.67 2666430.59
 300871.75 2666463.49
 302849.77 2664920.13
 302084.31 2662923.76
 303554.66 2664036.73
 305174.09 2663345.15
 305372.70 2661950.43
 306436.19 2663051.05
 308031.76 2663290.03
 307267.06 2661260.14
 307267.06 2661260.14
 306897.28 2659619.52
 306077.62 2658541.97
 305857.73 2660147.03
 304207.69 2660760.90
 303817.04 2659164.58
 301186.20 2658147.08
 302882.45 2653324.46
 301263.12 2653706.21
 300414.00 2654998.99
 299431.04 2653843.75
 298317.15 2655257.57
 298496.12 2656487.52
 296850.27 2655795.38
 296400.79 2656358.75
 294028.69 2656893.94
 294654.52 2658468.55
 293563.49 2659329.04
 291666.73 2657507.08
 288981.30 2657444.14
 287970.50 2658836.88
 286946.08 2657704.54
 284360.94 2658251.85
 285167.42 2657079.86
 286745.27 2656674.05
 287247.56 2655213.45
 288303.37 2656080.08
 289538.26 2654676.91
 290472.86 2655200.05
 293577.91 2654588.95
 293369.53 2652838.46
 291977.33 2652180.89
 290902.26 2650904.17
 292497.25 2651872.32
 294342.48 2650825.78
 295419.04 2651537.95
 297853.73 2650825.98
 297853.73 2650825.98
 298744.55 2649245.24
 297120.49 2644754.44
 296009.40 2645149.55
 295801.40 2643321.51
 294313.12 2640525.98
 295163.48 2638922.76
 293542.92 2639250.03
 291958.49 2641194.51
 292173.27 2644362.55
 290508.31 2642619.01
 289942.53 2641000.51
 290110.41 2639229.00
 288611.95 2639667.91
 286874.56 2641966.92
 287735.99 2643563.92
 285199.41 2644022.64
 284830.66 2644929.88
 283302.69 2645247.43
 283427.26 2644217.76
 285683.02 2641986.07
 285992.43 2640425.29
 284040.57 2638892.24
 285610.25 2638464.11
 286576.55 2639009.19
 286422.40 2635509.18
 287534.56 2634880.77
 288060.05 2636521.21
 289628.95 2636514.35
 290335.44 2635242.71
 291187.51 2636563.01
 291651.18 2634748.07
 290497.73 2631865.37
 290419.85 2630558.33
 291736.52 2629886.51
 290292.28 2628786.03
 290724.87 2627192.48
 289470.36 2627421.58
 288254.37 2628525.79
 286581.05 2629174.87
 286006.32 2630757.10
 286217.49 2631898.32
 281702.19 2632264.26
 281011.42 2631243.90
 278216.35 2632622.51
 277995.62 2630839.07
 279258.01 2631506.04
 279658.79 2629878.90
 281901.32 2629761.84
 283143.22 2630440.18
 282657.76 2628777.89
 282883.94 2627925.66
 284340.45 2628416.31
 285943.72 2627235.22
 285336.69 2625339.97
 285336.69 2625339.97
 287148.20 2622631.23
 285373.43 2622815.06
 284050.04 2621859.49
 282500.57 2621590.16
 280928.98 2622107.23
 279977.89 2623423.10
 278869.04 2622125.14
 280470.93 2621707.58
 281249.08 2620258.48
 282728.32 2620084.54
 282201.77 2618366.83
 286430.25 2620215.16
 288608.35 2618061.25
 285806.06 2616902.34
 286157.30 2615131.29
 285117.52 2614763.29
 283861.97 2615026.11
 284491.66 2611926.75
 283033.71 2611336.44
 282244.79 2612752.19
 281073.98 2611498.25
 279634.85 2611606.00
 278428.80 2612567.07
 278895.19 2608924.54
 279607.49 2610000.17
 280395.66 2608894.36
 281506.96 2609472.58
 284816.24 2608472.32
 283819.45 2606952.80
 284874.40 2605482.39
 284735.57 2603754.47
 283846.29 2604173.21
 282832.21 2605632.71
 281483.28 2606249.90
 281518.03 2604334.13
 279410.09 2601572.27
 280392.80 2600433.63
 279853.78 2599325.10
 279853.78 2599325.10
 280624.87 2596890.37
 281699.40 2595995.65
 279820.03 2595825.60
 278765.75 2596864.47
 277089.45 2597414.99
 277627.91 2598966.37
 276226.66 2600071.21
 277654.57 2601081.59
 276591.37 2601699.77
 275050.51 2601043.68
 273313.51 2601616.68
 272167.65 2603032.39
 272037.27 2601459.66
 274889.07 2599891.70
 275627.00 2598409.03
 274853.52 2596757.66
 275974.60 2592440.71
 275281.46 2591453.91
 276946.45 2591833.38
 278286.84 2590927.82
 278565.70 2589411.22
 276850.09 2588632.81
 277221.23 2586905.95
 276036.70 2586206.15
 276305.09 2584744.86
 275950.40 2582961.33
 274324.17 2583257.56
 274087.61 2584109.86
 272603.51 2585170.62
 270926.63 2585356.40
 270727.20 2589054.82
 269106.10 2585985.15
 266445.84 2588108.14
 265005.82 2586965.99
 263472.28 2587230.28
 263093.56 2587805.78
 263442.72 2586012.13
 266038.66 2586579.49
 267020.40 2586226.22
 268956.22 2583294.00
 268846.06 2581477.74
 271062.94 2582964.63
 271770.86 2581326.72
 273183.86 2580166.11
 273155.27 2578826.13
 274630.12 2577588.24
 268423.33 2576051.03
 266800.37 2572926.31
 269675.87 2572630.85
 269675.87 2572630.85
 273254.39 2574319.24
 273553.76 2572636.49
 273012.89 2571716.52
 271469.01 2570861.53
 271502.42 2568990.12
 269936.73 2568855.05
 271424.75 2566066.55
 270197.90 2564946.39
 268199.25 2566903.86
 266054.17 2562782.00
 267427.78 2561388.26
 265779.34 2561253.55
 264590.43 2562381.84
 262993.84 2561605.22
 262900.88 2562535.32
 261712.79 2563021.57
 260728.21 2565368.44
 259879.69 2563651.44
 260454.22 2561935.43
 255999.76 2562951.74
 254063.86 2565985.25
 253234.75 2565774.65
 253787.86 2564457.02
 252078.10 2565209.69
 250317.29 2567922.58
 250583.42 2567368.91
 249918.11 2566084.36
 252057.76 2564235.21
 252006.69 2563360.39
 253829.15 2563150.35
 254494.94 2562164.99
 256112.98 2561490.07
 257260.43 2560206.06
 260394.85 2558978.75
 260077.97 2558092.65
 258428.54 2558966.43
 253717.39 2559695.37
 250778.39 2557823.50
 253031.46 2558687.53
 254526.84 2558256.04
 254793.67 2556539.73
 256636.71 2558079.65
 256924.31 2556308.02
 258962.10 2557261.42
 258747.69 2556109.65
 260336.12 2555047.61
 259670.91 2554050.55
 260174.33 2551935.86
 260829.01 2553409.08
 262242.20 2554174.24
 261370.48 2555413.79
 263888.89 2557065.87
 263528.85 2558781.93
 266245.31 2556492.42
 265437.61 2555040.93
 263901.83 2554164.62
 263484.23 2551473.38
 262009.36 2550708.06
 261991.17 2547817.89
 260608.16 2546997.41
 259789.00 2545767.71
 261256.62 2543321.53
 258027.29 2543264.09
 256683.78 2544392.92
 256324.39 2545810.15
 256815.70 2547360.63
 255360.14 2547847.27
 254233.04 2546894.60
 252623.72 2547735.81
 250758.44 2547303.74
 253894.97 2546252.26
 254008.02 2545133.88
 253095.88 2544303.16
 253116.73 2542620.02
 254388.07 2542498.53
 255125.94 2543406.78
 256931.58 2540550.59
 259495.80 2539345.00
 257445.73 2537594.27
 256174.20 2537139.69
 255117.66 2537604.37
 255190.04 2535865.90
 254001.33 2531735.23
 254001.33 2531735.23
 251898.02 2532111.31
 252533.63 2534946.14
 251651.45 2535244.99
 252912.89 2536352.51
 250974.36 2536784.11
 251969.32 2536075.52
 250348.75 2535233.83
 250595.00 2533550.71
 249374.20 2532919.54
 249425.44 2531325.00
 246860.40 2531281.03
 247055.67 2532930.89
 246040.08 2533141.51
 243628.98 2532489.02
 242748.21 2535678.50
 241959.00 2536786.23
 242203.25 2533098.71
 242982.24 2531636.67
 244777.63 2531370.19
 244110.22 2530063.80
 242406.73 2529721.29
 241164.38 2528448.55
 242825.69 2526044.81
 243308.06 2525989.22
 242826.49 2527716.85
 243576.16 2528912.41
 244683.88 2527361.74
 246007.83 2527560.65
 245064.00 2528579.66
 246726.33 2528103.06
 248358.10 2528722.89
 250882.59 2527427.27
 252011.35 2528534.69
 253653.35 2528180.66
 255284.78 2528923.04
 255377.44 2528070.44
 253007.16 2526530.62
 252329.98 2525234.95
 252905.10 2523507.65
 251796.30 2524714.44
 250739.07 2524227.14
 250554.23 2526187.07
 249722.86 2524891.51
 248172.56 2521824.38
 249948.67 2521436.71
 250390.16 2520617.31
 248911.60 2519709.36
 249733.01 2518535.58
 248141.40 2518890.03
 247946.04 2517007.64
 246590.16 2515778.78
 246292.73 2517517.31
 244958.09 2518680.36
 243602.57 2518525.85
 243725.25 2517219.18
 245276.03 2517417.94
 244053.37 2515912.44
 242409.91 2515569.91
 242459.67 2512347.65
 245151.59 2513642.09
 246815.61 2513375.90
 249979.46 2514903.64
 250523.86 2514183.90
 248726.28 2513807.47
 246702.33 2512058.25
 246702.33 2512058.25
 243844.90 2508327.56
 242623.11 2510431.96
 241185.18 2511218.90
 240280.71 2510621.51
 241399.95 2509491.40
 239847.94 2508728.32
 239014.66 2507378.01
 237894.11 2506825.21
 235439.84 2508765.11
 234709.20 2507680.68
 233187.33 2506763.22
 235900.26 2506638.68
 237810.24 2504743.57
 239054.33 2505373.79
 238671.52 2501941.48
 237909.95 2500856.93
 237056.66 2500868.70
 236636.65 2502585.35
 235321.21 2502929.81
 235525.13 2501169.04
 234273.92 2504104.57
 233195.19 2504570.78
 232606.17 2501781.08
 230992.72 2502203.76
 230902.40 2503964.46
 230142.74 2504707.31
 229298.87 2503922.26
 228954.75 2500335.12
 228150.85 2498952.13
 230708.18 2496656.63
 232795.02 2496011.93
 232474.18 2494229.58
 231320.91 2493134.73
 227074.24 2494070.59
 226763.30 2492498.73
 228399.43 2492928.18
 231534.82 2491384.98
 230700.57 2490588.77
 230700.57 2490588.77
 231892.41 2489302.89
 232126.24 2486877.70
 231055.09 2486081.75
 229707.58 2486504.22
 228832.14 2485951.77
 226075.65 2486863.76
 225908.78 2485435.64
 229097.14 2484057.98
 228220.73 2482929.78
 229815.31 2482329.69
 230153.44 2481122.34
 232644.20 2480798.24
 230975.91 2480279.79
 228358.75 2478589.12
 228892.57 2477447.91
 228099.42 2477216.49
 226536.00 2478303.89
 225039.18 2475870.26
 226343.05 2473310.46
 227959.47 2472931.61
 227690.73 2472267.65
 226371.01 2471383.80
 224643.95 2473468.16
 223058.50 2473814.08
 222293.88 2472409.21
 221160.91 2472411.28
 222168.21 2471257.89
 220498.27 2470596.62
 219939.60 2469346.50
 219314.17 2470853.59
 220111.53 2473033.33
 218423.38 2473501.72
 218343.66 2474808.45
 219283.67 2476257.07
 220331.50 2474959.54
 221628.04 2474403.48
 221332.70 2476197.78
 223072.05 2475685.32
 223506.46 2476802.91
 222746.50 2477944.70
 223231.93 2478818.59
 220371.84 2479897.85
 225303.97 2480476.04
 225531.97 2481439.00
 227025.67 2482189.65
 225761.66 2483498.15
 224021.51 2483058.07
 223139.64 2484953.01
 223139.64 2484953.01
 223257.30 2487521.68
 224144.12 2488660.66
 222551.06 2489626.74
 222003.25 2488232.56
 220480.47 2488246.48
 219800.05 2487572.36
 219642.35 2485867.46
 218616.38 2487397.56
 216834.23 2486460.10
 216834.23 2486460.10
 215923.57 2488809.52
 216202.90 2489506.49
 217931.55 2489602.45
 218778.18 2491073.40
 222152.98 2491376.96
 222957.61 2492648.89
 222074.20 2493314.84
 220665.37 2493483.56
 219598.48 2494914.03
 220937.44 2495941.21
 219522.53 2498103.17
 220172.90 2499419.57
 221685.15 2499870.69
 221944.40 2501077.16
 220548.09 2502043.12
 217760.61 2501284.70
 218750.45 2502711.06
 216616.80 2504775.15
 218324.51 2505513.40
 217238.16 2506955.19
 215052.65 2508454.89
 215918.89 2509837.07
 216963.68 2508339.91
 218596.82 2507993.20
 220005.35 2508355.78
 219714.34 2506695.40
 220554.58 2505420.36
 222269.85 2504808.14
 221829.75 2505816.59
 222120.79 2507609.88
 223786.56 2508204.87
 226292.62 2507403.52
 226213.13 2509153.17
 224603.57 2511337.15
 221204.90 2512361.91
 219830.37 2513405.44
 218402.38 2513341.89
 219093.57 2514791.05
 220347.18 2515043.24
 221589.34 2514686.53
 222300.58 2516069.36
 224046.89 2516254.52
 226375.84 2514689.43
 227486.17 2515374.28
 228326.60 2514121.80
 229509.48 2515327.13
 230813.21 2514782.85
 230693.02 2517196.92
 233220.41 2518146.21
 231567.59 2518557.82
 231425.16 2519643.16
 233481.52 2522176.52
 232323.10 2523617.33
 232465.31 2522310.54
 231621.55 2520717.01
 229610.79 2521937.62
 229670.27 2520354.08
 228763.54 2518074.27
 227715.89 2517942.89
 226403.63 2519362.23
 226166.45 2518720.36
 223377.07 2520839.95
 221857.56 2520864.84
 221037.82 2521730.09
 220757.91 2525650.54
 221181.33 2527011.74
 222475.43 2527529.77
 220948.02 2528440.63
 221073.45 2529636.31
 222878.14 2528902.13
 221936.45 2530199.42
 220296.24 2530988.76
 218868.63 2530305.08
 218844.73 2528666.28
 217767.24 2528679.61
 217311.96 2526942.08
 216447.21 2525748.06
 216543.62 2527574.94
 215346.04 2528961.80
 219015.05 2531655.73
 220363.54 2533911.98
 224453.79 2532210.29
 224453.79 2532210.29
 226002.52 2531919.85
 222072.38 2537119.99
 223600.95 2537338.71
 224871.38 2536539.26
 226574.15 2536647.25
 227659.27 2535250.37
 229289.50 2534727.60
 226177.27 2538630.00
 227112.92 2540223.11
 224754.44 2540204.73
 224111.26 2541855.76
 225859.24 2544942.34
 225214.58 2545641.02
 227769.88 2547630.24
 228732.78 2547263.42
 228253.48 2548936.20
 229411.37 2548823.83
 230017.51 2549941.43
 227672.79 2551251.41
 226062.92 2550534.11
 223195.92 2546020.98
 222663.80 2540872.79
 221802.05 2540641.84
 221713.18 2542458.04
 220503.42 2542482.51
 218218.92 2538500.73
 216885.85 2538558.96
 215691.62 2536535.20
 215716.24 2538340.11
 216232.27 2539789.57
 217792.91 2540705.25
 218872.59 2542164.67
 217858.69 2542698.33
 218631.07 2544346.65
 217954.98 2544580.62
 219331.01 2545740.46
 220082.09 2547145.28
 221753.64 2547618.20
 221859.37 2549345.47
 222927.82 2550816.29
 221369.02 2550154.77
 218832.88 2547734.72
 217512.57 2548579.11
 219897.09 2551995.86
 219254.06 2553204.19
 220823.08 2553965.13
 221312.15 2552568.91
 223024.36 2553219.07
 224862.97 2556017.48
 226359.97 2556945.22
 227232.62 2558272.70
 230694.91 2558710.77
 232158.63 2558033.46
 230828.76 2559264.27
 226876.13 2559546.71
 225277.17 2558718.75
 223080.77 2556098.10
 221554.18 2555923.75
 222826.94 2557338.80
 223003.92 2558922.01
 224530.91 2559517.31
 230232.18 2565034.41
 229302.68 2566530.62
 231568.34 2569340.35
 233982.30 2568130.53
 232960.67 2569759.49
 230731.44 2571113.21
 231963.66 2574622.04
 233334.66 2574720.10
 232189.91 2575607.33
 233388.38 2577012.31
 234913.07 2577597.59
 236692.71 2577474.08
 236795.40 2577928.01
 233348.13 2577610.34
 231722.55 2578210.24
 232232.82 2577268.35
 230377.68 2574435.80
 229697.91 2571114.59
 228661.48 2569089.55
 228661.48 2569089.55
 227056.33 2570155.01
 227811.70 2568869.31
 227686.91 2567551.73
 226354.88 2566656.82
 226076.68 2565516.67
 224231.77 2564201.98
 223218.47 2564336.65
 223061.71 2562565.14
 220810.35 2563178.43
 220571.13 2561285.30
 218615.97 2561588.27
 218704.62 2559915.96
 218038.71 2559795.56
 217657.55 2558755.45
 214642.35 2556990.49
 214033.85 2555253.37
 212680.18 2554669.78
 213605.94 2556217.82
 213937.82 2557911.29
 215715.91 2560609.09
 216005.86 2562025.87
 215107.66 2563246.06
 215878.56 2564562.05
 215328.28 2565659.62
 216406.04 2566941.71
 218839.54 2565674.01
 220306.24 2567099.53
 219295.71 2568463.65
 220219.69 2569879.22
 219629.07 2571320.01
 221588.01 2573652.71
 222486.54 2578180.23
 225326.90 2582482.96
 227024.43 2582579.89
 228109.38 2583320.20
 228264.10 2584239.10
 226922.88 2583034.08
 225164.81 2583380.22
 224129.60 2581931.31
 221405.33 2579721.55
 218665.06 2575164.64
 217944.56 2577868.21
 218461.78 2580591.29
 219802.62 2581164.34
 220776.96 2582613.07
 218509.64 2583858.01
 217357.32 2585222.62
 217635.84 2586362.63
 219177.36 2585362.67
 220589.01 2585791.68
 219098.08 2586558.83
 218170.71 2587889.68
 218561.67 2589084.84
 220339.88 2588992.57
 220647.80 2589645.32
 218859.50 2589759.73
 217666.42 2590980.45
 216951.37 2591114.92
 219123.22 2593679.40
 220318.17 2593433.31
 222792.17 2594159.42
 224244.85 2595219.92
 225847.51 2594430.94
 224685.81 2596182.60
 225168.63 2597776.44
 224001.65 2596349.90
 220842.03 2594827.60
 219566.90 2595771.49
 218053.47 2595099.17
 214876.31 2590887.17
 215966.51 2589467.12
 213347.65 2588487.81
 213396.13 2591544.15
 213921.50 2593259.34
 214722.25 2594829.93
 216266.95 2595690.09
 217261.16 2597149.64
 217346.60 2598821.65
 214656.65 2597288.56
 215488.07 2598992.01
 215295.37 2599568.33
 214121.05 2599659.75
 212709.06 2598655.51
 210218.37 2599226.84
 212723.63 2600371.98
 212921.57 2601910.81
 211798.02 2601814.02
 211730.61 2603375.67
 212937.38 2604125.63
 214302.71 2602959.43
 216897.80 2603617.80
 216897.80 2603617.80
 215269.66 2605958.24
 215079.37 2607498.03
 216885.95 2607405.23
 218392.55 2605474.97
 219386.20 2607078.63
 219619.10 2606170.05
 220608.70 2605846.88
 220768.92 2604285.09
 220327.96 2603333.59
 222094.11 2603175.08
 222642.46 2601546.14
 224063.65 2602529.16
 223228.88 2603926.01
 223915.40 2605286.90
 222641.33 2606407.73
 224602.92 2607301.20
 225708.70 2609303.76
 223751.44 2610636.06
 222985.78 2610504.56
 222503.28 2608999.36
 219821.66 2610333.57
 219079.47 2611675.12
 218230.01 2610547.36
 216727.84 2609697.98
 214901.74 2610045.55
 216169.49 2610994.96
 217894.47 2611112.88
 217969.94 2612951.06
 217205.81 2613473.25
 216730.69 2615423.43
 218028.75 2616505.81
 219362.89 2615428.73
 219140.76 2616525.56
 219827.33 2618008.10
 221367.79 2618104.66
 222739.95 2615488.47
 224290.81 2615563.17
 224506.74 2616526.26
 223917.02 2617623.67
 222795.30 2617813.98
 223440.20 2619053.13
 220810.02 2619722.63
 220364.14 2621141.06
 219589.77 2621474.89
 222789.97 2620416.48
 222446.44 2622122.59
 224118.09 2621698.69
 225945.67 2623013.41
 226820.04 2621406.19
 228154.17 2620197.02
 228773.18 2625046.69
 230210.50 2624867.47
 231797.27 2621886.38
 231316.09 2620414.10
 232171.46 2619338.82
 232047.17 2617799.64
 234109.63 2619591.28
 235615.30 2615724.78
 235011.80 2614186.07
 236164.85 2614306.75
 237316.76 2613131.83
 236366.31 2611515.85
 237539.54 2611138.28
 235022.81 2605016.62
 237474.92 2607173.77
 238323.47 2608800.97
 239833.93 2608589.44
 240772.00 2607071.66
 241914.92 2606395.46
 241232.00 2608134.49
 239141.52 2610826.92
 239745.05 2612841.99
 238778.19 2616109.60
 241338.89 2616251.82
 240533.53 2617116.12
 239003.43 2617172.56
 237231.24 2620330.19
 238793.58 2622842.77
 240097.94 2621601.50
 239507.69 2623296.29
 237958.44 2624061.62
 237021.68 2625491.03
 236799.01 2627274.21
 236953.31 2628824.49
 237565.32 2629344.45
 237828.85 2627583.39
 239122.49 2626319.88
 240406.44 2625488.39
 242394.56 2625631.18
 242394.56 2625631.18
 239949.21 2627714.66
 240674.02 2629386.41
 243487.94 2631245.38
 244251.62 2629617.11
 244618.95 2630724.41
 246168.11 2630967.56
 247432.03 2632185.47
 248542.68 2631155.39
 250356.68 2631465.41
 252558.14 2630114.55
 252853.90 2629106.83
 252252.75 2627822.09
 252568.99 2626426.77
 251050.04 2626149.72
 250152.93 2624721.09
 250744.43 2621686.74
 249826.60 2618652.37
 251132.28 2617478.54
 250663.09 2616371.08
 251479.27 2615828.50
 252009.57 2617223.92
 250856.78 2618774.21
 251937.94 2618929.35
 251386.98 2620756.55
 251662.18 2622129.79
 253141.03 2621100.12
 253620.11 2622008.33
 252324.93 2622639.30
 251784.33 2623946.00
 252701.76 2625142.17
 254414.42 2625629.86
 253975.59 2627268.74
 258583.88 2626107.93
 260306.75 2626142.27
 261693.96 2625224.15
 262039.89 2626077.16
 260438.70 2626950.80
 257064.17 2627557.85
 255687.59 2628675.76
 253821.54 2631587.73
 252119.59 2632218.62
 252058.23 2633757.96
 258182.92 2632065.74
 259935.39 2632487.66
 260690.28 2631380.75
 260373.36 2632775.91
 255563.44 2633470.95
 254319.94 2634766.24
 256723.55 2636660.90
 253748.85 2636792.71
 254318.86 2638376.53
 254602.84 2642230.57
 256293.39 2641921.12
 257637.26 2642586.24
 258686.78 2641479.38
 258594.16 2643107.29
 256771.44 2643150.61
 255427.05 2643903.12
 255151.66 2645220.90
 257757.18 2646805.74
 257553.05 2647824.50
 258497.69 2651258.18
 259911.80 2651956.80
 261764.07 2651758.85
 260248.39 2650882.79
 261155.10 2649665.24
 262396.44 2650109.25
 261428.82 2651027.65
 264093.17 2653112.07
 263632.20 2656334.38
 264444.67 2657719.53
 263986.06 2658593.99
 263000.61 2657264.08
 263339.44 2653897.66
 262495.92 2652745.12
 260846.93 2653408.26
 259066.25 2653395.95
 257458.98 2652542.27
 256675.82 2651711.28
 255720.74 2647901.18
 254611.51 2646948.36
 253094.60 2647390.94
 252830.21 2645962.25
 253329.41 2644467.29
 252902.11 2642806.00
 251639.49 2642329.60
 252423.86 2640812.49
 252200.06 2639140.20
 251161.20 2638398.08
 251843.83 2637080.28
 251518.03 2635352.62
 249775.86 2635518.66
 248206.80 2634632.81
 248206.80 2634632.81
 244915.63 2633935.90
 244386.42 2635552.97
 244509.15 2636804.35
 243735.47 2638045.01
 243491.74 2639684.15
 244836.02 2639262.77
 245223.61 2640901.67
 246842.75 2640247.83
 246618.88 2641045.25
 246618.88 2641045.25
 247291.53 2643714.08
 248146.68 2642506.82
 249093.71 2642484.58
 249725.08 2643924.25
 249460.40 2645297.51
 250967.24 2644810.25
 251638.85 2647999.80
 250488.58 2648730.65
 250427.46 2650159.28
 251720.01 2650303.35
 252065.94 2651012.17
 253633.38 2650336.93
 253785.66 2651765.60
 252564.36 2652463.04
 251760.30 2653670.06
 253398.51 2653659.28
 254273.32 2654512.27
 258943.10 2655068.16
 259847.57 2656574.93
 261312.85 2656133.02
 263293.86 2659158.14
 263587.34 2660719.97
 261749.11 2657584.17
 260569.14 2657550.02
 260842.39 2659410.80
 259948.41 2657848.60
 258839.66 2657814.65
 257821.67 2659220.55
 257629.79 2656651.10
 257049.42 2657669.68
 256052.90 2656805.39
 254231.85 2657103.76
 253845.50 2656317.34
 252553.56 2655951.58
 250518.82 2656726.60
 249460.78 2655375.48
 248748.71 2656593.75
 250020.34 2659362.39
 249430.44 2659960.44
 248678.06 2662695.97
 250081.35 2662153.25
 250254.20 2663892.00
 252948.53 2664689.69
 253863.92 2663449.53
 253893.98 2665077.54
 256119.76 2666949.98
 258337.04 2664990.85
 258683.88 2663086.17
 259343.18 2665600.59
 261598.27 2667961.20
 264007.43 2667907.99
 265033.29 2668684.28
 265033.29 2668684.28
 267357.72 2671344.93
 266422.83 2671288.44
 265631.96 2669626.30
 264260.90 2668572.74
 262552.93 2668925.53
 258478.62 2666264.54
 258253.87 2668147.15
 257562.15 2669110.28
 256912.41 2667537.31
 255153.74 2667713.77
 255224.31 2669319.66
 254075.97 2668632.64
 253710.39 2667325.70
 252327.90 2667247.88
 250050.82 2668222.28
 249054.60 2667181.27
 249308.67 2665730.44
 247834.67 2666716.26
 246949.87 2665021.96
 245943.55 2665797.45
 246472.60 2667381.02
 245202.31 2668511.04
 244195.53 2667337.47
 244297.64 2668467.07
 242884.65 2668268.36
 242713.15 2670815.68
 241015.60 2670273.98
 240599.89 2671769.37
 239248.39 2671892.15
 239147.38 2672689.63
 240773.77 2673508.03
 241424.63 2674426.85
 244289.03 2672354.39
 244826.97 2670593.26
 246066.62 2669684.72
 245884.87 2673815.73
 247266.64 2673272.73
 247693.65 2674756.70
 249075.49 2675753.29
 249542.86 2676882.92
 251371.43 2676672.56
 250832.93 2678134.42
 253757.83 2680150.56
 255260.63 2681025.97
 257088.64 2681048.91
 259382.42 2683165.60
 260499.54 2682933.80
 258945.47 2683674.77
 256377.46 2681690.93
 253452.79 2681568.09
 252681.24 2680249.99
 251340.68 2679618.52
 249512.49 2679817.82
 249065.53 2678732.48
 246444.54 2677115.94
 246393.45 2675942.00
 244777.80 2675078.65
 243020.38 2675577.78
 244799.02 2677537.30
 243925.74 2678290.75
 241751.44 2677306.17
 241823.29 2678601.91
 240401.62 2679134.40
 239896.06 2682357.61
 240862.73 2685413.69
 241837.79 2686132.98
 241432.43 2687318.26
 243238.49 2685556.33
 245188.23 2686962.08
 244264.63 2687383.28
 244701.73 2689000.09
 243077.92 2689366.27
 243383.65 2692013.11
 247767.08 2689431.21
 245514.69 2692045.49
 243921.82 2692799.21
 243962.91 2693973.17
 245657.18 2693385.55
 245657.18 2693385.55
 246276.50 2694780.86
 247676.53 2694260.02
 246459.29 2695445.33
 246652.41 2696951.52
 248245.12 2697482.85
 249340.70 2698468.46
 250476.75 2697748.56
 251014.50 2695910.08
 251146.17 2698534.94
 252555.94 2699166.42
 253052.76 2699941.79
 252038.39 2701060.22
 253468.12 2701824.70
 256885.38 2702147.15
 255029.60 2702367.87
 253761.80 2703319.95
 253508.59 2702190.20
 251926.73 2701835.48
 251399.55 2700484.22
 250649.09 2699908.25
 246034.24 2699199.97
 244390.86 2698502.79
 244451.25 2697306.63
 241548.95 2695425.27
 239773.48 2695382.15
 239532.46 2698704.92
 240303.22 2698549.31
 241133.97 2696987.14
 242402.52 2697949.95
 243661.54 2700673.86
 246359.47 2701758.29
 244503.64 2701570.61
 242830.66 2702102.99
 244018.48 2705347.52
 244900.93 2706510.09
 245366.93 2705557.44
 246360.46 2705579.30
 246644.52 2706409.89
 247942.24 2707328.90
 249624.94 2707162.62
 251459.50 2709123.05
 247952.63 2709023.44
 247162.21 2709754.56
 245590.95 2708691.72
 244740.07 2710087.52
 245490.51 2711538.15
 245359.28 2713077.69
 246433.25 2712756.19
 247750.64 2713486.90
 249544.12 2715790.43
 250030.39 2717352.08
 252025.58 2719534.12
 251965.05 2717839.54
 251104.20 2716255.64
 253333.26 2714550.36
 253738.23 2715646.94
 255409.60 2716145.89
 253788.56 2716832.04
 253747.56 2718626.28
 255033.97 2718405.17
 255752.47 2719944.95
 255417.74 2721296.05
 256440.23 2721927.79
 255659.95 2723311.91
 256590.85 2724619.25
 258291.83 2724431.87
 258738.27 2722881.55
 258193.52 2719436.70
 257110.59 2717940.90
 258781.84 2718008.30
 259208.95 2715450.12
 260494.76 2716525.36
 262348.52 2716571.17
 263433.19 2715796.88
 264698.36 2716894.64
 262256.86 2717135.95
 262256.86 2717135.95
 260514.25 2717544.32
 261382.74 2720779.09
 262516.12 2721710.41
 263459.37 2720160.70
 264369.84 2721136.27
 265095.64 2724205.00
 266837.26 2724040.86
 264830.44 2726043.28
 266348.03 2726798.13
 266801.88 2728183.14
 268440.33 2729126.66
 269830.36 2726702.98
 271429.36 2726960.09
 271671.54 2727447.80
 270192.39 2728353.79
 271262.91 2729894.92
 275139.53 2729624.50
 276534.91 2730291.65
 275377.51 2732316.37
 272632.69 2733939.77
 274714.98 2735017.69
 275992.13 2733713.07
 277326.81 2734147.60
 278639.64 2735324.29
 277419.87 2738245.88
 278338.30 2739211.34
 278326.35 2740108.47
 275697.16 2740003.65
 277385.34 2740361.32
 280496.32 2742073.55
 280934.64 2740501.72
 282479.73 2741424.58
 282945.51 2741159.85
 282160.18 2739684.89
 283698.84 2739101.52
 281918.67 2739163.76
 280686.68 2738308.12
 283865.24 2737230.08
 283543.49 2736431.82
 281784.65 2735862.80
 282110.50 2734944.24
 283962.01 2734893.28
 284694.49 2733266.92
 286476.00 2732994.59
 286408.98 2731543.46
 281897.17 2730923.18
 280859.46 2728838.57
 279844.46 2730176.53
 277169.18 2726803.98
 277809.72 2725398.62
 277205.17 2723924.35
 274353.80 2721737.15
 275568.82 2721816.85
 278379.47 2724015.30
 279775.90 2724383.72
 280806.07 2720952.46
 282144.54 2720213.40
 280568.14 2723233.55
 280524.29 2724761.91
 278842.18 2725478.25
 278930.16 2726984.75
 279525.16 2728038.21
 283079.39 2727425.96
 283511.52 2728722.88
 285778.99 2728617.77
 288405.98 2730286.18
 290269.57 2726293.03
 289037.83 2725115.47
 290231.83 2725340.39
 291352.52 2726373.74
 292860.18 2726599.82
 294491.33 2726184.05
 295146.03 2727205.16
 290911.58 2728288.58
 290825.24 2730115.86
 291835.51 2730705.90
 293648.31 2730290.59
 292208.91 2731050.39
