 269232.30 2667903.01
 269232.30 2667903.01
 269322.16 2669099.23
 270866.88 2669267.53
 271668.13 2670398.38
 273578.98 2670312.82
 270617.73 2672866.56
 272334.02 2673511.50
 271255.35 2674573.05
 272062.87 2677996.49
 270809.79 2680486.51
 269368.74 2679664.91
 269035.21 2678446.19
 267369.71 2678167.18
 266383.49 2678963.41
 266933.92 2677336.02
 264000.29 2675173.18
 262719.27 2676146.58
 261185.34 2676012.39
 261918.27 2674274.21
 263983.04 2672050.01
 262071.96 2672757.06
 261636.12 2671405.55
 259289.74 2669609.68
 259908.44 2671459.62
 259785.25 2673264.75
 258677.17 2674094.66
 256158.89 2670505.05
 255822.87 2672066.48
 254664.42 2671988.53
 253444.82 2672586.23
 252784.64 2670869.47
 251178.76 2672608.01
 250040.65 2671035.32
 249664.64 2671688.74
 250172.74 2673416.44
 252651.79 2674801.06
 253881.23 2674568.77
 254693.58 2675997.69
 256511.87 2676463.56
 253392.87 2677359.55
 254906.01 2678644.70
 256338.38 2678235.49
 256530.82 2679431.68
 258856.34 2680064.22
 260043.91 2681083.93
 261202.26 2680320.61
 262694.97 2680598.75
 263109.76 2682337.92
 265952.75 2682639.86
 267444.52 2683405.81
 268197.94 2681834.08
 269020.77 2681635.81
 268947.40 2683341.29
 269332.77 2683696.22
 269782.08 2681880.51
 270930.44 2681317.32
 271141.17 2683012.14
 272737.00 2682017.84
 274723.73 2684114.39
 275293.04 2683716.68
 275113.37 2681966.48
 275735.14 2680693.95
 275320.88 2679497.08
 276519.37 2679510.35
 276242.04 2681182.18
 277307.57 2681605.06
 279075.03 2681398.14
 280058.00 2682396.96
 278261.42 2681983.48
 276999.85 2683210.37
 279184.68 2687323.64
 281554.58 2689787.46
 282058.94 2691161.94
 283562.34 2690567.37
 284570.31 2689251.82
 284583.77 2687900.66
 286933.83 2689800.50
 284678.54 2690647.59
 285730.97 2691857.44
 287129.91 2692425.90
 287925.35 2694742.79
 285272.89 2692421.13
 283698.48 2693059.66
 282074.98 2693033.72
 281555.47 2693929.66
 281714.60 2695358.75
 281351.96 2698747.03
 280494.90 2701071.00
 279644.12 2700548.63
 280184.49 2699220.72
 280190.33 2696496.17
 278282.36 2696879.85
 278659.23 2696127.48
 279949.31 2695343.81
 278846.21 2693990.31
 274982.05 2693063.68
 273518.87 2694257.30
 273377.58 2693802.98
 274566.90 2692553.48
 277653.90 2691451.66
 276468.80 2690253.25
 275414.49 2689586.80
 272714.50 2689704.02
 273833.37 2688266.08
 272870.09 2687633.20
 271316.24 2688129.16
 269743.34 2687805.69
 268922.68 2686641.67
 267227.23 2686739.18
 266081.72 2685309.13
 262426.90 2685172.54
 262426.90 2685172.54
 264050.61 2685905.02
 264201.27 2687522.15
 266299.42 2690215.70
 265974.06 2690735.87
 264472.29 2690501.67
 264078.33 2688651.70
 262271.51 2688738.62
 262404.71 2687321.11
 261481.08 2687165.28
 260690.26 2685868.86
 259662.93 2688736.60
 258678.98 2687728.11
 257490.81 2688713.13
 256841.41 2688280.86
 257431.56 2685578.82
 256650.11 2684958.22
 254395.81 2686142.38
 253868.01 2685765.67
 254487.83 2684093.51
 254092.27 2682609.32
 253381.12 2684037.83
 252172.94 2683461.68
 251137.18 2684170.37
 250243.71 2682741.64
 249827.39 2683915.60
 248730.87 2684701.99
 246973.89 2682298.95
 246516.55 2680803.92
 245856.69 2681723.33
 244069.66 2682377.40
 245704.66 2682686.91
 247075.73 2683727.62
 247005.40 2687249.53
 248395.97 2685975.66
 249157.42 2686795.16
 250598.92 2687293.53
 251025.16 2688844.08
 250131.93 2691380.27
 249117.19 2692797.93
 250547.92 2693539.95
 251796.29 2690948.45
 252942.82 2692166.92
 253694.22 2690372.91
 254028.66 2692034.28
 255195.25 2693120.04
 253073.92 2695943.61
 254788.31 2696243.12
 254970.30 2698004.16
 256167.65 2697030.00
 256817.65 2695435.46
 257872.03 2696753.97
 258197.70 2694948.88
 258775.72 2695392.24
 259555.84 2696976.52
 259048.01 2697939.74
 257820.22 2698703.20
 259249.72 2699711.92
 259076.70 2700642.14
 259663.77 2702303.84
 260597.47 2701252.35
 261723.11 2701286.47
 262393.83 2699692.19
 263773.48 2699383.36
 264674.11 2701355.69
 265799.90 2701235.08
 267359.54 2702942.54
 269681.33 2703122.81
 270249.64 2702791.35
 270693.58 2704298.26
 272497.97 2704522.55
 270854.89 2704918.73
 266698.46 2704603.05
 263830.38 2703403.79
 262450.91 2703956.27
 263522.43 2707313.12
 264860.57 2707225.87
 264382.32 2708997.45
 267463.63 2708923.42
 268153.91 2708104.71
 269399.50 2708948.12
 269499.65 2709812.15
 268352.75 2711073.21
 266224.99 2710727.24
 261329.34 2711697.07
 261644.56 2710401.49
 261331.87 2708562.70
 260166.26 2708550.73
 257684.86 2705115.77
 256985.21 2705314.76
 259628.22 2709768.66
 258097.35 2710620.50
 256841.09 2709789.17
 255148.68 2709445.11
 254317.87 2708547.71
 254874.75 2710264.59
 253729.45 2710574.35
 253516.37 2711593.24
 255238.90 2712114.33
 255988.08 2713709.51
 256900.48 2712668.83
 258572.43 2712636.53
 259849.84 2711684.87
 261115.57 2712904.13
 267012.94 2712810.38
 268674.21 2713189.07
 268405.02 2717552.50
 268919.32 2719247.76
 267285.54 2721781.97
 268876.59 2720886.90
 270445.31 2721542.58
 271324.04 2723028.04
 271912.97 2721976.76
 269819.68 2719980.00
 269801.93 2718218.95
 270688.44 2714642.80
 271852.61 2715253.74
 272583.67 2714247.02
 273962.56 2713684.46
 274178.48 2711868.43
 275301.62 2712800.76
 275917.28 2714119.89
 277113.25 2713911.72
 276451.84 2715405.67
 274597.87 2715402.28
 273785.02 2716796.41
 276295.39 2717786.64
 275593.97 2719147.65
 276596.99 2718983.39
 277821.20 2719650.32
 278527.00 2721191.28
 279158.24 2719575.52
 277915.05 2718299.27
 278283.08 2716627.58
 279156.44 2715588.26
 281280.50 2717121.30
 282475.09 2717434.15
 281870.32 2716114.75
 284384.87 2715234.65
 282653.86 2714621.33
 282069.13 2713357.35
 280592.21 2712246.48
 280746.03 2711416.14
 279524.81 2709054.40
 280309.44 2707117.85
 280903.76 2708824.79
 283956.11 2712398.22
 286063.11 2712680.38
 285584.83 2713476.61
 286594.85 2714708.63
 287387.63 2713769.28
 288228.82 2713694.03
 289093.47 2712478.09
 287746.77 2712097.81
 287325.63 2710424.25
 285070.04 2708646.31
 284143.63 2706140.93
 284777.60 2703949.52
 283581.82 2703669.72
 284700.59 2702287.99
 284928.63 2700294.95
 283098.13 2698086.50
 283030.50 2696646.53
 281714.60 2695358.75
 281555.47 2693929.66
 283157.39 2694453.88
 285281.96 2696906.72
 284317.05 2697391.66
 285176.22 2698623.16
 286329.28 2699888.71
 287427.92 2698662.20
 291296.92 2700611.26
 290502.70 2701705.43
 292679.39 2702908.05
 292988.85 2704503.89
 293994.00 2704063.98
 295054.54 2705341.05
 296271.26 2705311.78
 296584.13 2708790.62
 297877.26 2710046.54
 300463.89 2709446.45
 301839.82 2710127.11
 302301.32 2711391.48
 302941.28 2710995.15
 303059.05 2709334.21
 299113.38 2707259.71
 300615.87 2706655.88
 297863.60 2705139.91
 298851.71 2703803.14
 297354.79 2702690.44
 297354.79 2702690.44
 297050.71 2699621.44
 300379.06 2699189.94
 300770.52 2700332.15
 301101.42 2698583.38
 303125.93 2697007.04
 302126.42 2695707.44
 305461.15 2693936.98
 306441.49 2692379.18
 305407.53 2692087.11
 303459.06 2692090.67
 300474.22 2692445.18
 300589.26 2691493.08
 302436.98 2691311.54
 302623.95 2690160.37
 304149.98 2689224.70
 304562.70 2687487.41
 305835.56 2686495.57
 306744.50 2687684.28
 307238.97 2685903.09
 310517.60 2686071.79
 310368.23 2687765.75
 313597.34 2687558.39
 314087.48 2689166.60
 313177.21 2690702.05
 315407.84 2688995.44
 313767.75 2685787.03
 314526.38 2684184.47
 315902.21 2683105.38
 317394.38 2683234.23
 316879.57 2682578.32
 316307.88 2681047.16
 315193.86 2680355.30
 314753.26 2683421.27
 313225.89 2684355.81
 312259.18 2684827.79
 311416.45 2684824.11
 310539.70 2685651.01
 309051.45 2684636.83
 308386.94 2683271.76
 308749.51 2681545.46
 310812.22 2678929.22
 309740.08 2677839.25
 307848.86 2678263.37
 307897.69 2681231.83
 307384.43 2682580.98
 305728.34 2682784.80
 305263.16 2682284.58
 306517.72 2680916.15
 305643.60 2681089.90
 304673.78 2682381.97
 302976.73 2682685.64
 303288.40 2683517.48
 304677.27 2684109.78
 304692.05 2685538.59
 303459.67 2686563.92
 303026.81 2688290.09
 301039.24 2690542.20
 299506.37 2690636.42
 298432.09 2690189.67
 296743.92 2691202.93
 296647.99 2689519.13
 297724.27 2686399.42
 296478.40 2685531.38
 294985.81 2685570.86
 293956.13 2686940.98
 291589.20 2687476.52
 291166.71 2686146.23
 293903.77 2684183.02
 292970.78 2683803.60
 294238.58 2681016.49
 292914.79 2682175.34
 291341.37 2681960.23
 291244.69 2680287.57
 289718.09 2681401.82
 289089.94 2680857.38
 288766.53 2680280.58
 291585.76 2678272.85
 291283.79 2677319.49
 289545.39 2677779.70
 288715.16 2676769.56
 290504.62 2676254.02
 290720.91 2675224.63
 287195.77 2675070.99
 285588.39 2675897.52
 282623.05 2675358.79
 281904.98 2673895.23
 282919.30 2674661.73
 286323.47 2674492.82
 288544.53 2672261.47
 286110.42 2670361.23
 289424.79 2669982.39
 290799.97 2668911.97
 290996.28 2671338.01
 292582.11 2671198.68
 293216.61 2669749.74
 294590.30 2672500.64
 295779.83 2672327.21
 296761.84 2673460.09
 297989.72 2670939.00
 298798.86 2672082.52
 298813.79 2673655.27
 300371.68 2672752.52
 300717.00 2669951.67
 302527.04 2669725.65
 303928.30 2670096.38
 304399.23 2671870.24
 305961.52 2672574.05
 306088.09 2671400.55
 304719.12 2670608.86
 304522.89 2668769.59
 303966.76 2667992.19
 302177.01 2668162.74
 299345.68 2669714.27
 297773.53 2668734.29
 298296.62 2667351.64
 299521.04 2666048.95
 299455.48 2664431.73
 299455.48 2664431.73
 298750.95 2662313.94
 298978.66 2661151.82
 299959.06 2659992.31
 299681.23 2657986.73
 299122.21 2657851.90
 298911.15 2660077.29
 297769.64 2660782.24
 297859.73 2664249.09
 297338.66 2665000.47
 295680.74 2665194.42
 294792.93 2666232.68
 294655.83 2664559.89
 295148.78 2663010.91
 293738.78 2661876.86
 293061.79 2660423.96
 289957.87 2661090.53
 288794.72 2662471.71
 289410.97 2663946.39
 287340.40 2662523.21
 288187.83 2661251.82
 287194.32 2660042.02
 286490.89 2660682.56
 286130.42 2662464.73
 284734.92 2663424.79
 283792.19 2662182.13
 283745.50 2660421.09
 282015.70 2660782.59
 282222.94 2659077.50
 278980.97 2657730.50
 280274.76 2656836.11
 280084.26 2655506.72
 280757.12 2654865.80
 281948.30 2654525.09
 283227.61 2655690.86
 282672.06 2653928.67
 285205.94 2653823.92
 286450.41 2652608.79
 285026.84 2652162.24
 285712.79 2650502.70
 289735.30 2649660.49
 289791.22 2647844.36
 292908.99 2646900.88
 294180.12 2647358.80
 295265.46 2648602.58
 295586.77 2646787.30
 294518.14 2643395.02
 294082.49 2645996.29
 290599.68 2646329.36
 290013.12 2644921.20
 287044.87 2647017.48
 284100.18 2648128.76
 282544.42 2647394.21
 280731.93 2647622.79
 280744.19 2646648.24
 282121.17 2645466.24
 281685.09 2644690.04
 280078.29 2643778.46
 280278.38 2640622.58
 281745.71 2640282.42
 283624.70 2642512.71
 283282.53 2640751.03
 282122.74 2640194.66
 281426.40 2637247.25
 283320.63 2637484.07
 284729.07 2636379.92
 285283.47 2634631.46
 284552.81 2633400.40
 284548.71 2635116.97
 282897.23 2635533.95
 282044.76 2634025.89
 280443.40 2634808.72
 278997.69 2634274.17
 278230.33 2635900.62
 278400.52 2637429.26
 276890.12 2638910.37
 274785.18 2636868.87
 275805.87 2635763.19
 275655.29 2634500.42
 274342.63 2633490.36
 276476.60 2631113.08
 274683.29 2630910.57
 274807.40 2629847.63
 277041.74 2628633.43
 277041.74 2628633.43
 277890.99 2626951.71
 278664.63 2627518.02
 280062.41 2626922.82
 279882.34 2625261.27
 277623.72 2622765.04
 276187.45 2621920.72
 273688.70 2615847.68
 276307.83 2617380.44
 277019.05 2618910.00
 277970.29 2617527.50
 278364.75 2619255.87
 279608.83 2619391.24
 280247.84 2616192.05
 279639.09 2614540.72
 278150.27 2614128.01
 276694.22 2612486.28
 275612.51 2612517.56
 276125.76 2610824.10
 277636.62 2610583.25
 277455.73 2609087.88
 276120.74 2607922.63
 276851.74 2604502.02
 275463.38 2604399.87
 273787.75 2605139.03
 275297.30 2605972.12
 273486.74 2608217.17
 273356.22 2606854.83
 271040.21 2605987.53
 271062.79 2604481.47
 267088.69 2606602.54
 267846.16 2604920.17
 267041.03 2603701.05
 266561.17 2603678.35
 270545.27 2602210.54
 271262.21 2600738.70
 270845.70 2599187.73
 272184.84 2598414.50
 273512.10 2598770.94
 273484.10 2597120.85
 272730.24 2595790.78
 273938.03 2594375.22
 272916.60 2594207.48
 272622.86 2592545.92
 270384.63 2592874.87
 269478.46 2590437.36
 269478.46 2590437.36
 269266.30 2588565.58
 268110.21 2589483.26
 268086.65 2592019.17
 268575.49 2593326.51
 267329.82 2592583.03
 265227.64 2589934.03
 263786.87 2589677.91
 264040.69 2591438.91
 263089.66 2592202.13
 263527.46 2593930.07
 263117.64 2595203.21
 261921.57 2596143.48
 261644.58 2597627.18
 260562.90 2596142.44
 261973.62 2594958.61
 261331.09 2593518.48
 261332.58 2591580.54
 260032.99 2594237.34
 258745.27 2594889.89
 259013.01 2591446.05
 257428.68 2592253.56
 255845.07 2591710.22
 258676.60 2590072.68
 258422.54 2587547.68
 255243.61 2587645.87
 254190.99 2586992.17
 257646.48 2586052.28
 257289.54 2584324.58
 256216.36 2583593.21
 256544.08 2582364.16
 257525.95 2581855.23
 260531.86 2582388.61
 260673.84 2584016.57
 261593.00 2585290.75
 261857.39 2587040.64
 262635.39 2585712.42
 263016.62 2582324.15
 264407.88 2581672.08
 265573.25 2582005.48
 266306.76 2584475.74
 267187.98 2582771.36
 266627.53 2581065.35
 267426.95 2579549.15
 266825.59 2577754.50
 265709.83 2578572.73
 265231.17 2576578.95
 265231.17 2576578.95
 263912.54 2575592.09
 263358.69 2577186.20
 262592.19 2576421.44
 258623.01 2576817.26
 259299.07 2575300.56
 258788.42 2573860.67
 259943.82 2574924.47
 262003.29 2570983.75
 262964.10 2572235.89
 265053.19 2570521.43
 263938.78 2569435.13
 265117.18 2567974.55
 266262.48 2568917.02
 267684.75 2569184.41
 267368.62 2568209.56
 264995.95 2566390.90
 263133.26 2566068.00
 262567.57 2569245.65
 261063.33 2568989.76
 258669.53 2567216.39
 258208.60 2567803.03
 258189.08 2566086.61
 257309.50 2564557.99
 256991.41 2566119.22
 255844.67 2566805.29
 256764.94 2568909.67
 256017.30 2570216.04
 254533.13 2571234.29
 252977.57 2572097.64
 252691.35 2570536.20
 251146.12 2570691.03
 249785.12 2571621.18
 247380.46 2571543.89
 247564.91 2573160.62
 246122.01 2572142.15
 243397.86 2566772.38
 244543.97 2565919.25
 243427.51 2564380.47
 244542.91 2563029.05
 246406.81 2565099.24
 248065.13 2564545.25
 248443.75 2562928.47
 248136.45 2561821.14
 249252.49 2560924.09
 250880.61 2561300.60
 252498.52 2560990.72
 250860.20 2560049.29
 249068.13 2560337.20
 249365.04 2558897.63
 248986.00 2557159.11
 247490.55 2556893.52
 245432.47 2559175.15
 244387.50 2558167.82
 243384.45 2559607.79
 241500.08 2559509.08
 242195.64 2557925.18
 243690.51 2556861.42
 242009.94 2555422.67
 241875.80 2553628.84
 244089.39 2555377.41
 245697.67 2555443.30
 244652.61 2554867.82
 245215.58 2553461.30
 245051.09 2551722.82
 245798.89 2551113.56
 246649.73 2552752.21
 246516.85 2554092.13
 251198.54 2554988.72
 252263.68 2556528.06
 253206.24 2555542.69
 252428.00 2553892.60
 252817.51 2552729.95
 254374.60 2553516.54
 254272.45 2552475.61
 251250.19 2549861.72
 250594.34 2550304.62
 248944.50 2549728.83
 248647.17 2548012.48
 247683.58 2546661.64
 248995.51 2546296.08
 251281.37 2544701.54
 252153.11 2541866.87
 251937.99 2540416.24
 250082.04 2539098.39
 248882.29 2539962.15
 248133.95 2541745.02
 247621.11 2540515.96
 248020.78 2538744.18
 248984.65 2537260.27
 248799.91 2535566.07
 247405.30 2537725.53
 246707.63 2536463.32
 245589.57 2536131.41
 244185.62 2539354.20
 245129.37 2540350.46
 244433.09 2543030.44
 243213.35 2543595.68
 243243.28 2541768.57
 242125.37 2541126.86
 241942.44 2544183.20
 240835.58 2544637.84
 242311.84 2544858.48
 241154.90 2547262.03
 239821.40 2545646.16
 236613.53 2546191.28
 237124.57 2544496.60
 235791.18 2543711.60
 235174.92 2542538.42
 235357.10 2540102.11
 233838.80 2539461.41
 233027.19 2538133.50
 234655.75 2536105.35
 234655.75 2536105.35
 233197.95 2534922.06
 236079.75 2534254.73
 237177.78 2534740.98
 238222.88 2533212.03
 239208.45 2534218.95
 240848.30 2531826.06
 239350.32 2531749.53
 238509.63 2532558.49
 237277.42 2531252.83
 236578.35 2529703.19
 236533.35 2525251.83
 238082.68 2524530.78
 239715.33 2525348.99
 241336.55 2524451.06
 240872.68 2521195.85
 243593.65 2521725.96
 242196.73 2520442.14
 241661.89 2518737.18
 240121.76 2518992.78
 239555.89 2517387.57
 240798.44 2517287.11
 240272.81 2514342.02
 237067.22 2513336.77
 236225.65 2514179.05
 238291.45 2515716.47
 237984.01 2516580.40
 239309.41 2517365.60
 238416.95 2518672.87
 239454.72 2519580.10
 239538.70 2522248.65
 238410.22 2523312.48
 237301.41 2523147.27
 236696.87 2524443.35
 235034.31 2524788.16
 235365.71 2527821.88
 232473.92 2529751.68
 231333.35 2528479.63
 229721.32 2527817.31
 229226.76 2526389.54
 229450.89 2525160.12
 227624.53 2525627.77
 226271.52 2526803.59
 225086.49 2530149.61
 227196.26 2527499.78
 228254.10 2528040.81
 228553.73 2529468.83
 227891.58 2532780.68
 228854.16 2531505.88
 229097.94 2529722.75
 230143.42 2528835.49
 231140.58 2530251.58
 234239.54 2530414.13
 234239.54 2530414.13
 232467.02 2532652.87
 231044.92 2535788.32
 231497.40 2536740.07
 230462.58 2537571.87
 230731.60 2539420.77
 231921.57 2539784.71
 231256.88 2541269.35
 230127.10 2539820.19
 229535.88 2542423.22
 229702.12 2544050.79
 228287.99 2544451.40
 227158.09 2542958.17
 227375.77 2544541.34
 228853.21 2545447.20
 230872.74 2545577.38
 231598.58 2543992.98
 233424.15 2544721.70
 233991.29 2547843.78
 233111.20 2549018.53
 233154.19 2550790.23
 233923.62 2551642.04
 228672.16 2555081.39
 231092.17 2557004.93
 233660.78 2554909.01
 234942.43 2556048.23
 236212.17 2555581.92
 236807.30 2556721.96
 236634.67 2558394.21
 234279.64 2558916.96
 234495.81 2559979.80
 233319.00 2560745.14
 233729.99 2562018.15
 231999.18 2561699.01
 230925.74 2563029.17
 232728.04 2563303.82
 232995.58 2564488.39
 231871.12 2565851.77
 234123.44 2566114.97
 235994.93 2564241.65
 236395.90 2566101.64
 237090.86 2564816.49
 237705.94 2565845.81
 237216.06 2567562.64
 235090.00 2570443.77
 237117.50 2571936.83
 237200.26 2572977.69
 235737.94 2573820.62
 235381.67 2575659.21
 238583.73 2575833.58
 239546.04 2576862.73
 241008.69 2576717.81
 242746.94 2575321.57
 243913.64 2576483.79
 243945.03 2578200.21
 244988.25 2578100.15
 245489.85 2579495.29
 249018.21 2579738.25
 249785.24 2580358.36
 246185.65 2580879.31
 245183.94 2582285.98
 242984.33 2579750.96
 242730.13 2582752.08
 241493.53 2583815.83
 241923.89 2585532.04
 243120.59 2586871.37
 246402.07 2587767.19
 247618.57 2588719.30
 247025.80 2588852.29
 244051.25 2587989.43
 243111.51 2589307.63
 242396.11 2589352.28
 242865.42 2587657.74
 241771.66 2587547.57
 240748.66 2586197.16
 240061.59 2582975.11
 240654.10 2582144.19
 239784.12 2580937.72
 237973.93 2580739.75
 236879.04 2579976.59
 235733.86 2580199.12
 234252.74 2581839.55
 232830.64 2581198.85
 231136.02 2583459.99
 232158.82 2583757.71
 233057.23 2582604.97
 235451.41 2584163.84
 234911.68 2586257.34
 236751.41 2585901.21
 237896.89 2586564.66
 236180.09 2587130.94
 235741.37 2587984.05
 237387.53 2588613.76
 236019.41 2590165.34
 237686.93 2592201.46
 239178.32 2591535.85
 240629.67 2591977.82
 239282.21 2593872.39
 241081.80 2596130.28
 239293.96 2595976.44
 236042.62 2593088.85
 233737.02 2596346.98
 232632.39 2595196.54
 232228.85 2590966.75
 229221.94 2589221.00
 226962.32 2588648.51
 227777.89 2587251.94
 226070.88 2587276.76
 225986.57 2585715.47
 224778.00 2584388.61
 223613.33 2584866.82
 225158.68 2585816.50
 224353.54 2587235.35
 225529.81 2587687.38
 225095.59 2590833.13
 227342.26 2589799.62
 228630.82 2590373.54
 228630.82 2590373.54
 230042.07 2591069.22
 230728.66 2592519.00
 229210.87 2595854.35
 230509.20 2596550.24
 229458.68 2597736.59
 230992.11 2598709.05
 229941.76 2599928.60
 228573.68 2600251.68
 227880.54 2601127.56
 229332.24 2602243.93
 229630.05 2603450.60
 226127.52 2603267.63
 225415.30 2604774.89
 226386.20 2605382.38
 227743.64 2605125.54
 230238.21 2607702.25
 230486.28 2610016.43
 229966.40 2610471.17
 227354.24 2610785.07
 226653.61 2613001.03
 227500.68 2613099.37
 226707.05 2614518.12
 227919.98 2613718.89
 228713.64 2612211.60
 229794.82 2611855.69
 231777.62 2614333.72
 232265.59 2612871.31
 231263.79 2611466.13
 232589.71 2610855.41
 231934.66 2609316.89
 232800.81 2608130.90
 231932.54 2607600.39
 230826.79 2605065.81
 232173.44 2604244.62
 231711.96 2602617.29
 232545.83 2599725.93
 233872.07 2598395.53
 234179.95 2599746.23
 235394.22 2598648.64
 236416.42 2599533.58
 237284.53 2599510.65
 236366.86 2601150.44
 237122.29 2600850.76
 238696.74 2603119.65
 237850.43 2604548.89
 239699.01 2605422.33
 240086.04 2604071.02
 239726.16 2600461.11
 240736.61 2599530.22
 241605.48 2600825.36
 243280.14 2600470.13
 243506.82 2604988.25
 247916.86 2602063.40
 245886.01 2606427.02
 244416.38 2607424.18
 244131.02 2608542.78
 242773.74 2609041.73
 241621.21 2610459.84
 242295.30 2611456.15
 242204.18 2612807.25
 241205.02 2614181.02
 242633.87 2615032.94
 245377.68 2613027.38
 244134.05 2616095.39
 244093.75 2617346.80
 243441.44 2618543.10
 240504.17 2619020.91
 239382.98 2620073.75
 242401.60 2619606.74
 243156.83 2620636.27
 241842.40 2622730.00
 243178.68 2623737.08
 244932.57 2624112.89
 243862.50 2625320.40
 243924.14 2626438.89
 245534.56 2625474.84
 245688.31 2628254.46
 249357.88 2629250.53
 250040.77 2628242.74
 249051.95 2626825.25
 248654.22 2625108.76
 247257.43 2624953.91
 246900.03 2622329.36
 248449.92 2621465.32
 247939.92 2620690.18
 246369.40 2620834.45
 246062.64 2617866.62
 247959.94 2617999.12
 248020.86 2615961.45
 248979.75 2614820.71
 248765.38 2613436.45
 247387.78 2612772.18
 248867.29 2611863.90
 248642.68 2610656.83
 249714.24 2610025.55
 249193.57 2607035.54
 250980.28 2602284.77
 250959.55 2607102.00
 254144.17 2607977.41
 257666.14 2607148.27
 258380.06 2608256.08
 258410.40 2608732.29
 255695.36 2608808.49
 252020.78 2609959.24
 252377.72 2611587.20
 254081.83 2611919.80
 253061.04 2613514.23
 256397.14 2614489.85
 254611.51 2614943.22
 254824.19 2619694.15
 256690.74 2619451.25
 258332.53 2619972.59
 259832.34 2619131.88
 261311.28 2619132.95
 260117.06 2620383.47
 257148.70 2621500.22
 255791.74 2623116.47
 255791.74 2623116.47
 255526.08 2624544.95
 256709.09 2623880.99
 258258.56 2624513.03
 259370.32 2623860.31
 260909.94 2623861.39
 261982.32 2621713.81
 261606.29 2620096.65
 262607.08 2618602.45
 265198.77 2617730.06
 264707.67 2619191.36
 264951.27 2620343.34
 266267.78 2619558.48
 266993.69 2618053.20
 266638.79 2616203.38
 268036.25 2616337.93
 267507.75 2614687.22
 269915.69 2614612.79
 270138.05 2616130.27
 269727.19 2618189.54
 270766.89 2618700.40
 270010.38 2619950.74
 268745.07 2620436.33
 270274.35 2620814.91
 269028.64 2621964.96
 269853.29 2622951.69
 271353.54 2622067.86
 271473.42 2623751.35
 269768.43 2625365.79
 268319.86 2626039.43
 267668.63 2625030.85
 267085.38 2626824.21
 265351.81 2627353.84
 264506.38 2626699.58
 263027.76 2627207.60
 262037.71 2628701.79
 257419.89 2629628.95
 258204.15 2630570.70
 259967.44 2630339.24
 263074.73 2631637.42
 263361.43 2630164.78
 264615.88 2629313.26
 266123.89 2629735.69
 265470.89 2630388.37
 265529.24 2633002.01
 267280.65 2634033.93
 269023.15 2633914.30
 268757.22 2634689.17
 267197.93 2635052.69
 265568.48 2634408.52
 264070.11 2635038.23
 262287.25 2634914.78
 261238.60 2633939.37
 258252.49 2635166.63
 259097.24 2636551.45
 259035.43 2637647.79
 257588.47 2638544.00
 256162.49 2638454.72
 257832.44 2639452.24
 259563.67 2639840.90
 261315.83 2639410.25
 262751.43 2639998.41
 262577.87 2640474.46
 260927.45 2641170.81
 260670.83 2643894.98
 259244.69 2644901.78
 260536.68 2646331.30
 262940.81 2644605.61
 264232.98 2645503.88
 263406.90 2647031.39
 265583.78 2648528.67
 267365.33 2648320.29
 267498.32 2647777.79
 266461.30 2646658.02
 266554.08 2645650.33
 268151.28 2646604.68
 269769.95 2646595.74
 269123.19 2642995.60
 270691.33 2643008.84
 271996.04 2642146.95
 272762.26 2640586.61
 272815.19 2639313.11
 273790.38 2640898.36
 272782.26 2647253.61
 273034.63 2648582.98
 274392.39 2646237.37
 275428.83 2647357.72
 275067.94 2649992.88
 275656.42 2651023.87
 273057.94 2653079.38
 271897.76 2653177.23
 269558.91 2652055.30
 268428.25 2652895.49
 267571.51 2654511.33
 266647.39 2652981.91
 266381.77 2653900.81
 266481.68 2655506.77
 271762.84 2654915.77
 271049.26 2655856.07
 271056.92 2657561.61
 271971.41 2658238.55
 272339.60 2656954.43
 273510.49 2656347.19
 274311.51 2657921.16
 275968.60 2658466.74
 275763.42 2659429.89
 274337.75 2660435.21
 272741.45 2660144.63
 270429.88 2662123.55
 271129.35 2663619.68
 272746.88 2663123.80
 272215.75 2664640.23
 274106.45 2664909.09
 274106.45 2664909.09
 275023.89 2663548.45
 275814.01 2665211.11
 277613.64 2665181.25
 277825.09 2666233.79
 279043.83 2666834.27
 275475.61 2666827.45
 273959.49 2667655.45
 267730.18 2666040.47
 267548.95 2664600.50
 266523.44 2663392.11
 266399.54 2665031.06
 269232.30 2667903.01
