 266431.58 2698732.77
 268166.41 2698435.87
 267429.22 2695799.00
 265867.68 2695088.34
 264286.99 2693093.09
 263120.26 2692903.68
 262817.47 2691109.21
 261214.01 2691118.92
 260441.87 2692281.23
 261141.12 2693455.74
 261018.24 2694895.43
 262570.17 2695306.51
 263359.12 2697821.34
 264283.70 2696338.15
 265744.57 2696306.48
 267174.10 2697028.05
 266431.58 2698732.77
 259275.26 2691715.57
 257753.58 2690784.33
 256261.27 2691813.59
 256788.46 2692854.91
 259275.26 2691715.57
 270860.87 2707709.76
 274153.89 2708501.41
 275776.72 2707917.30
 276457.55 2707021.45
 277925.94 2707766.36
 276198.35 2704684.02
 277740.71 2704044.60
 279423.61 2704147.71
 281994.38 2706158.01
 281268.31 2704428.59
 280390.23 2702577.04
 278107.78 2703015.31
 277511.13 2702194.54
 275938.20 2702811.78
 275687.94 2701039.24
 274523.02 2700272.96
 276157.59 2699345.56
 277597.73 2699403.69
 274333.96 2698168.30
 275454.96 2695279.60
 273840.51 2696052.05
 272703.23 2696703.62
 271404.40 2696923.09
 270445.13 2693864.87
 271472.06 2692459.83
 267752.11 2689132.08
 266503.82 2689008.74
 269363.10 2691205.27
 269077.18 2692511.76
 268527.51 2693806.84
 269184.82 2695435.80
 269202.64 2697252.18
 270083.07 2698726.43
 268987.52 2698802.44
 269330.05 2700497.44
 270781.44 2699735.31
 271976.93 2700567.78
 273141.18 2701810.10
 272064.70 2702805.16
 273838.10 2703461.51
 274668.20 2704227.15
 275122.14 2705523.79
 274117.27 2706219.79
 273719.88 2707415.27
 272128.71 2707224.38
 270860.87 2707709.76
 295019.89 2700334.72
 294985.38 2698440.67
 296263.41 2698455.89
 296961.58 2695932.95
 299806.56 2694724.39
 294880.06 2693290.17
 294071.23 2692346.19
 293711.09 2690672.67
 294050.60 2689200.68
 290844.54 2688725.87
 289997.39 2690373.69
 291002.15 2690376.58
 293362.76 2691734.84
 292683.02 2695022.21
 292818.30 2697248.81
 291893.16 2697921.64
 295019.89 2700334.72
 288834.51 2685120.70
 290595.82 2683431.10
 287916.67 2682847.76
 287163.61 2683465.98
 288380.33 2684122.67
 288834.51 2685120.70
 285896.31 2682687.44
 284741.86 2681388.75
 284156.68 2679792.49
 285773.25 2679143.03
 285104.93 2678310.72
 283977.84 2678130.77
 283577.46 2679912.93
 284355.68 2681498.56
 283245.54 2682858.17
 285896.31 2682687.44
 261671.65 2677640.82
 259011.43 2675745.05
 259092.04 2676775.08
 260411.84 2677916.72
 261671.65 2677640.82
 279611.74 2677268.20
 279686.48 2675529.55
 278610.62 2674995.74
 275135.74 2675066.69
 275449.47 2675753.91
 279611.74 2677268.20
 279019.13 2673966.58
 279022.79 2672172.41
 280714.88 2669772.67
 277847.65 2670298.37
 277036.64 2669211.46
 276972.50 2670872.59
 274499.37 2672917.01
 275647.08 2673218.06
 277203.37 2672379.25
 279019.13 2673966.58
 294560.05 2669177.96
 294885.49 2669123.61
 294703.71 2668746.48
 294337.23 2668922.54
 294560.05 2669177.96
 291442.72 2664594.50
 291981.21 2664728.98
 292879.81 2663446.93
 291526.61 2663719.81
 291019.82 2663153.51
 291442.72 2664594.50
 284670.63 2673126.45
 285080.01 2671942.40
 284239.95 2670522.74
 285412.07 2669185.51
 288709.45 2667665.72
 286088.82 2666850.36
 285079.23 2668132.55
 284238.12 2667056.22
 283735.43 2664684.95
 282120.27 2664027.80
 279826.95 2661807.83
 279636.25 2660589.18
 278661.01 2660033.45
 277182.94 2661769.33
 278624.00 2663278.34
 279894.61 2663491.37
 281255.05 2664457.81
 284670.63 2673126.45
 276246.63 2656617.74
 275713.29 2653360.76
 275233.00 2654522.77
 276246.63 2656617.74
 278388.89 2653642.68
 279787.92 2651231.20
 278026.37 2651703.87
 278388.89 2653642.68
 276615.35 2644292.16
 276899.14 2644990.39
 277459.39 2644847.48
 277593.09 2644150.03
 276615.35 2644292.16
 275501.77 2640657.64
 276203.49 2641212.64
 276764.13 2640936.80
 276622.84 2640238.83
 275501.77 2640657.64
 267223.57 2639183.53
 263902.12 2640209.89
 261272.79 2642344.99
 263013.72 2642789.44
 263198.25 2641438.50
 264787.35 2641030.29
 267223.57 2639183.53
 264616.63 2638649.08
 261348.12 2637206.44
 260635.89 2636054.15
 259758.73 2637559.67
 262813.74 2638647.36
 264616.63 2638649.08
 243973.04 2621433.26
 244615.38 2621089.71
 244105.37 2620835.20
 243595.52 2621001.53
 243973.04 2621433.26
 271887.62 2612744.06
 271767.77 2611005.22
 270197.35 2610139.17
 271887.62 2612744.06
 264815.48 2613466.07
 264592.79 2611682.89
 265798.37 2610366.31
 265288.60 2609878.50
 263124.46 2610396.89
 261795.78 2612798.86
 260519.48 2613916.38
 259173.23 2612996.31
 259276.31 2611368.47
 258491.37 2609917.27
 257562.10 2610924.51
 258295.56 2613250.49
 258078.83 2617680.07
 259731.68 2617138.44
 260130.40 2615865.17
 262334.55 2615213.49
 263990.26 2612147.42
 263835.64 2613786.26
 264815.48 2613466.07
 270524.40 2609807.40
 269055.48 2609229.55
 268595.11 2610070.60
 270524.40 2609807.40
 245314.70 2607534.61
 244213.54 2610735.44
 245764.91 2611266.47
 245733.37 2608099.26
 245314.70 2607534.61
 266872.09 2599669.88
 268310.71 2600823.31
 268015.87 2599748.76
 268538.90 2598032.93
 270256.52 2596861.35
 269523.31 2595143.88
 268969.60 2596715.67
 267405.57 2597643.95
 266498.84 2595538.84
 265916.83 2595261.34
 265206.73 2600266.06
 262539.59 2602157.21
 260722.10 2601956.43
 258169.75 2601002.42
 259141.83 2597913.33
 257844.28 2598532.73
 256373.72 2597978.31
 256651.20 2594224.35
 253432.96 2593857.81
 251941.40 2592805.51
 251818.69 2593525.30
 253943.27 2595895.55
 251521.98 2597478.68
 252931.37 2598652.74
 250214.49 2598818.56
 251256.19 2599937.09
 253023.01 2600025.94
 254687.49 2600712.97
 255902.29 2601876.18
 253430.72 2603470.06
 254124.67 2604754.84
 253838.49 2605917.54
 254727.10 2604544.61
 256146.31 2604412.25
 257227.93 2605664.12
 257912.87 2603925.83
 258903.69 2603206.59
 259801.25 2604668.94
 260618.86 2603506.73
 261894.11 2604814.46
 263764.04 2603132.83
 264337.18 2601760.19
 266872.09 2599669.88
 241031.07 2596695.08
 243512.84 2595531.01
 242316.97 2594379.89
 241263.08 2591744.88
 242100.78 2591323.59
 244073.77 2593172.02
 244941.97 2592285.78
 245851.34 2592086.16
 246730.21 2592495.67
 248355.14 2594787.71
 246833.04 2595507.77
 248508.53 2596149.80
 248559.75 2597644.78
 247998.18 2599317.02
 245945.89 2601454.74
 244566.84 2600259.19
 244586.63 2598520.56
 243901.89 2597557.38
 242614.95 2597746.23
 241031.07 2596695.08
 251727.22 2589416.86
 252238.20 2589638.41
 252217.84 2589106.86
 251880.60 2588807.82
 251727.22 2589416.86
 249294.58 2584677.16
 251022.38 2584245.30
 252729.69 2584599.88
 251861.06 2581687.33
 250347.65 2582584.19
 249703.50 2583901.98
 247198.28 2582185.80
 246431.71 2583492.67
 246248.20 2585574.60
 247894.00 2584987.36
 248313.37 2586858.79
 249468.45 2586781.18
 249294.58 2584677.16
 262384.38 2580274.95
 261750.79 2579698.59
 261864.51 2578170.50
 262201.88 2578359.03
 262201.48 2578846.27
 262692.13 2579156.75
 262384.38 2580274.95
 254652.98 2580602.71
 255267.17 2578908.63
 256923.89 2579186.15
 257895.84 2578522.21
 256105.91 2578687.47
 255984.33 2575841.47
 255063.23 2577103.53
 252444.96 2575375.36
 251820.73 2576969.89
 250306.88 2576205.70
 249283.88 2574865.79
 247953.91 2574666.59
 246971.95 2575441.91
 245488.45 2574888.61
 246573.44 2577402.05
 250061.37 2577468.10
 251575.10 2578354.08
 252178.32 2579849.12
 254652.98 2580602.71
 239685.42 2571358.99
 244935.70 2573991.81
 244003.71 2571567.02
 242325.24 2570925.52
 242314.19 2569353.06
 241146.63 2567891.99
 239837.02 2568590.47
 239172.97 2570240.91
 239685.42 2571358.99
 239004.16 2563375.38
 241575.05 2565322.66
 240356.86 2565312.33
 239025.15 2564073.00
 238358.41 2562423.54
 239004.16 2563375.38
 237336.95 2553200.13
 238227.60 2552335.67
 237622.01 2551018.42
 238133.07 2549412.36
 237518.11 2549302.12
 235838.13 2550012.31
 236259.16 2550975.31
 235625.34 2552515.12
 237336.95 2553200.13
 224488.54 2503973.81
 225608.68 2503828.04
 225606.24 2502299.98
 224352.80 2502711.73
 224488.54 2503973.81
