  320546.5   2785802.5
  320461.9   2784630.0
  320624.7   2784328.5
  320916.0   2784537.1
  320916.0   2784537.1
  321430.6   2784444.6
  321824.1   2784382.4
  322188.0   2784204.9
  322439.7   2784260.5
  322439.7   2784260.5
  322956.8   2783709.4
  323308.8   2783869.7
  323308.8   2783869.7
  323875.0   2783574.8
  324682.3   2783437.4
  324140.7   2782917.1
  324644.8   2782927.6
  324644.8   2782927.6
  324596.0   2782621.6
  324910.3   2782322.1
  323836.6   2781366.9
  324190.3   2781212.6
  324661.3   2781756.8
  325667.2   2782183.3
  325514.0   2782537.0
  327011.6   2783379.5
  327011.6   2783379.5
  327276.3   2782926.8
  327780.6   2782885.4
  328196.9   2782384.9
  328651.5   2782240.2
  329117.3   2781893.9
  329307.7   2782101.1
  329104.3   2782401.2
  329608.0   2782462.9
  330262.8   2782577.5
  330262.8   2782577.5
  330024.1   2782012.2
  330027.1   2781503.8
  330341.5   2781204.3
  330341.5   2781204.3
  330796.1   2781060.8
  332055.2   2781288.8
  332055.2   2781288.8
  331665.9   2780618.5
  331831.9   2779858.4
  332638.9   2779823.4
  332637.0   2780129.2
  332938.6   2780287.2
  333038.2   2780493.8
  333744.0   2780507.0
  333744.0   2780507.0
  335773.9   2780037.8
  335974.6   2780195.3
  335974.6   2780195.3
  336389.7   2779948.6
  336730.9   2780210.0
  337245.1   2780220.0
  337245.1   2780220.0
  337449.1   2779867.9
  338507.9   2779889.1
  338507.9   2779889.1
  338822.1   2779640.8
  339023.2   2779746.3
  339023.2   2779746.3
  339780.1   2779659.3
  340131.4   2779922.0
  340131.4   2779922.0
  340636.6   2779779.1
  342143.3   2780674.3
  342143.3   2780674.3
  342246.9   2780269.6
  342058.0   2779858.4
  341156.0   2779025.9
  341167.7   2778771.2
  342023.6   2778991.9
  342023.6   2778991.9
  342026.3   2778585.4
  342189.0   2778384.9
  342089.6   2778179.2
  342242.9   2777876.7
  341839.2   2777919.4
  341839.2   2777919.4
  341604.7   2776794.6
  341366.0   2776281.2
  341379.5   2775771.7
  341582.9   2775521.6
  341383.6   2775161.3
  341547.7   2774757.0
  341951.6   2774714.3
  342523.0   2773758.8
  343090.1   2773464.7
  343042.4   2773056.7
  342549.4   2772842.9
  342904.6   2772545.1
  342755.7   2772185.1
  342869.1   2771831.4
  342465.5   2771823.2
  342983.9   2771273.9
  342734.1   2770912.2
  343152.3   2770259.2
  343267.8   2769599.8
  344291.6   2768958.7
  344809.5   2768511.5
  345211.0   2768824.4
  345211.0   2768824.4
  345716.7   2768681.7
  346773.8   2769060.3
  346773.8   2769060.3
  348440.1   2768942.6
  348807.8   2768338.2
  348972.6   2767884.1
  349625.3   2768355.2
  349625.3   2768355.2
  350081.7   2768059.4
  350384.5   2768066.1
  350384.5   2768066.1
  350550.8   2767408.1
  350361.7   2767046.7
  350213.3   2766636.9
  349658.1   2766626.2
  349357.5   2766313.8
  348853.5   2766201.6
  348312.1   2765681.4
  348162.9   2765372.4
  347707.9   2765464.4
  347707.9   2765464.4
  347005.3   2764890.0
  346552.8   2764626.5
  346552.8   2764626.5
  346201.6   2764313.9
  345493.5   2764502.8
  345493.5   2764502.8
  344398.8   2763666.6
  344097.6   2763405.3
  343038.3   2763281.7
  342536.2   2762865.1
  342197.0   2762246.9
  341948.0   2761733.5
  341861.2   2761121.4
  341257.1   2760853.7
  341004.3   2760899.7
  341004.3   2760899.7
  340502.1   2760482.1
  340414.9   2759921.0
  339658.9   2759702.2
  339054.3   2759485.6
  338665.7   2758663.3
  338729.9   2758105.4
  338430.5   2757539.7
  338443.5   2757081.2
  337740.7   2756405.4
  337149.9   2755579.7
  336544.8   2755414.1
  335212.0   2753657.8
  334419.2   2752776.7
  333830.2   2751594.5
  333404.0   2750211.7
  333015.4   2749287.7
  332641.1   2747651.6
  332267.7   2745862.6
  332143.4   2744656.7
  332095.7   2744179.0
  332012.9   2742803.8
  332092.4   2741328.8
  332019.4   2740003.6
  332149.2   2738581.0
  332366.7   2737719.4
  332800.7   2736201.1
  333434.9   2735042.9
  333803.1   2734388.3
  333957.0   2734034.8
  333887.5   2732150.1
  334029.2   2730472.9
  334200.4   2728949.7
  334429.8   2727833.4
  334698.3   2726974.4
  335078.7   2726014.1
  335500.6   2724902.4
  336275.7   2724002.2
  337112.0   2723050.4
  337922.7   2722964.6
  338086.3   2722714.2
  339163.9   2722074.2
  338405.7   2721855.5
  337849.4   2721742.4
  338241.8   2722156.9
  337988.0   2722253.9
  337988.0   2722253.9
  337583.6   2722143.9
  337176.0   2722543.4
  337176.0   2722543.4
  336407.0   2722426.8
  336319.1   2721915.6
  336584.9   2721514.0
  336838.7   2721417.0
  337141.5   2721576.2
  337141.5   2721576.2
  337395.3   2721479.2
  337053.9   2721014.1
  337207.0   2720813.4
  336955.1   2720604.7
  337210.2   2720305.0
  337511.5   2720717.8
  337511.5   2720717.8
  337777.0   2720367.3
  338131.8   2720323.0
  338246.8   2719765.4
  337792.6   2719502.3
  337438.1   2719494.5
  337338.1   2719289.0
  337621.8   2717665.8
  337472.7   2717205.1
  337487.3   2716493.0
  337751.7   2716345.1
  337755.5   2715734.8
  337615.6   2715426.0
  337731.8   2714664.6
  337229.4   2713993.6
  336520.8   2713877.3
  335813.4   2713557.2
  334914.1   2713131.9
  334561.3   2712818.5
  334373.7   2711998.8
  334287.4   2711179.8
  334392.5   2710570.1
  334656.6   2710473.1
  335010.7   2710583.8
  335010.7   2710583.8
  335264.9   2710435.8
  335519.9   2710185.9
  335381.7   2709570.3
  335901.1   2709173.6
  336661.9   2709089.7
  336310.0   2708622.3
  335650.2   2708758.9
  335650.2   2708758.9
  335144.7   2708542.1
  334688.9   2708478.4
  333985.0   2707533.7
  333580.8   2707313.1
  333176.3   2707142.3
  332511.0   2706487.1
  332414.0   2705743.3
  331901.8   2704909.6
  331125.7   2704097.6
  330207.7   2703270.4
  329737.9   2702056.0
  329215.7   2701147.0
  328818.9   2697744.3
  328913.9   2697082.5
  328697.3   2695916.0
  327663.6   2693844.6
  327379.9   2691915.8
  327714.2   2690182.0
  327714.2   2690182.0
  326780.2   2688363.7
  325498.4   2686957.9
  324650.2   2684172.2
  323004.1   2682415.8
  321938.7   2682227.6
  320598.5   2680110.9
  317682.3   2678220.4
  316550.7   2676914.8
  316019.5   2675346.2
  316303.1   2673358.3
  316736.9   2671877.3
  316560.6   2670455.5
  315936.0   2669244.2
  313931.4   2667443.0
  312545.7   2665836.5
  312021.7   2664776.5
  311897.6   2662896.4
  312119.4   2661011.2
  313453.4   2658346.8
  314964.3   2657154.1
  315109.8   2656491.3
  314323.2   2654926.1
  313239.1   2653874.7
  312265.1   2653228.1
  311377.1   2651461.0
  311116.6   2650498.6
  311201.7   2649632.9
  311500.2   2648865.5
  311434.6   2647544.0
  310748.5   2646080.2
  310971.8   2643838.4
  310533.6   2641505.2
  309773.9   2638058.8
  308784.0   2635989.2
  308564.1   2634925.2
  307732.0   2634072.3
  307455.2   2631941.5
  307421.7   2630110.7
  307609.8   2628938.6
  307178.1   2627266.8
  306075.9   2624943.4
  305618.0   2624696.9
  305228.9   2622464.9
  305628.5   2621950.4
  305366.3   2621191.9
  305103.6   2620535.2
  304916.7   2618707.2
  304441.8   2617493.8
  304698.4   2617082.8
  304536.7   2616678.0
  304128.8   2616634.4
  303375.0   2613544.0
  303238.8   2611715.0
  303214.8   2609884.3
  303045.4   2608768.5
  302162.4   2607358.8
  301788.8   2606194.7
  301142.5   2604170.2
  301450.2   2603759.3
  300981.9   2603360.1
  300864.2   2601988.6
  300787.0   2600667.2
  300821.2   2599649.6
  301272.2   2599184.9
  301732.1   2599126.7
  301775.6   2598362.7
  302021.9   2598053.5
  301920.4   2597852.7
  301665.0   2597856.2
  301665.0   2597856.2
  301248.2   2597303.3
  300934.3   2596494.9
  300457.1   2595638.3
  300346.4   2595130.7
  300006.8   2592848.2
  300006.8   2592848.2
  299539.3   2592092.5
  299156.3   2590521.9
  298740.4   2589562.6
  298621.6   2588395.0
  297556.7   2585819.0
  297753.4   2585052.2
  297531.9   2583988.3
  297157.0   2582926.2
  297192.5   2581400.3
  296910.5   2580031.8
  296646.9   2579324.4
  296237.3   2579482.6
  296237.3   2579482.6
  295114.1   2578891.1
  294422.2   2577681.9
  293118.5   2575770.0
  293060.2   2574703.4
  293153.7   2574194.3
  292531.5   2573542.4
  291721.1   2570657.6
  291856.9   2569689.0
  292419.6   2569730.5
  292419.6   2569730.5
  291287.4   2568370.7
  290142.5   2567836.0
  289903.4   2565399.1
  290346.1   2564475.7
  290491.0   2563914.6
  290942.9   2563398.7
  290669.9   2562131.1
  290191.3   2561122.1
  290309.1   2559238.8
  291571.8   2558150.4
  290744.6   2557248.9
  290078.1   2557514.0
  290078.1   2557514.0
  289721.0   2557011.4
  289149.1   2556359.8
  288721.1   2555501.6
  287646.1   2555266.3
  286775.9   2555026.1
  286143.0   2554122.0
  285827.3   2553314.0
  285920.8   2552803.7
  285347.9   2552405.9
  284981.0   2551598.9
  284757.9   2550585.1
  284586.2   2549520.6
  283740.6   2547297.3
  283833.6   2546939.8
  283157.9   2546595.0
  282944.8   2545633.4
  282474.3   2545131.8
  282097.3   2544070.2
  282251.8   2543762.7
  281883.0   2543616.8
  281772.4   2542601.2
  281189.6   2541798.2
  280811.8   2541062.2
  279787.8   2540376.9
  278897.4   2539470.4
  278415.9   2539241.4
  278447.1   2538986.8
  278078.1   2538903.0
  277833.3   2538203.9
  277732.6   2537192.7
  277334.3   2536243.0
  276823.3   2535195.6
  276137.1   2534614.2
  275370.3   2533068.1
  274593.1   2531522.1
  273721.5   2531252.8
  273250.2   2530763.7
  273149.4   2529596.4
  272739.2   2529460.7
  272461.2   2530082.6
  272461.2   2530082.6
  271794.5   2529856.8
  270215.0   2529361.9
  269856.2   2529071.3
  269436.3   2528478.3
  268862.4   2527839.8
  268565.7   2527088.7
  268361.7   2526027.6
  268947.9   2525138.0
  268783.9   2524889.8
  268876.6   2524682.9
  269215.9   2524231.5
  269410.7   2524354.7
  269410.7   2524354.7
  269493.3   2523994.9
  269319.3   2523593.8
  269505.7   2522363.8
  269003.8   2521468.5
  268234.0   2521246.1
  267619.5   2519999.6
  267508.0   2518679.6
  266482.9   2517043.0
  265507.4   2516931.2
  264081.2   2515514.7
  262850.1   2513885.9
  261792.9   2512861.9
  260283.3   2512110.0
  259892.8   2512331.2
  259892.8   2512331.2
  259821.1   2512027.8
  259533.3   2512295.6
  259533.3   2512295.6
  259410.3   2511842.6
  257356.0   2511064.2
  256565.2   2510436.0
  255938.7   2509720.4
  255692.2   2509405.8
  255363.6   2508910.8
  254593.1   2508639.2
  253144.4   2507936.8
  251860.1   2506414.1
  251192.2   2505017.7
  250668.1   2503512.9
  250339.2   2501744.6
  250431.7   2500568.7
  250431.8   2499296.4
  249629.8   2498464.8
  248467.8   2497344.3
  247573.0   2496568.3
  247038.0   2494910.8
  246719.1   2494619.6
  246152.8   2492250.2
  245947.1   2492157.2
  245504.2   2490090.1
  244989.3   2488788.1
  244484.8   2487791.7
  244165.3   2486429.9
  243711.7   2484210.0
  243485.0   2483558.0
  243072.8   2482404.4
  242506.0   2481105.8
  242371.9   2480398.4
  241980.3   2479651.2
  241423.7   2478504.3
  241062.6   2477196.9
  240537.2   2476760.9
  239762.6   2473180.6
  238628.6   2471651.2
  238318.8   2470595.1
  238307.4   2469170.1
  238100.4   2467854.8
  238027.1   2466331.3
  238221.8   2464947.1
  238221.0   2463928.5
  238385.3   2463055.9
  238589.8   2460908.8
  238589.8   2460908.8
  238661.4   2460090.5
  238733.1   2459526.8
  238609.0   2458972.2
  238319.8   2458221.7
  238329.5   2457406.8
  238596.9   2456477.6
  238410.7   2455671.7
  238069.9   2454923.5
  238429.1   2452717.6
  238129.4   2451814.4
  238263.2   2451401.3
  238262.3   2450229.8
  238622.6   2449297.3
  237992.9   2448714.3
  237404.5   2448179.9
  237548.8   2448020.4
  237558.5   2447154.5
  237784.8   2446381.5
  238269.4   2445952.7
  239001.5   2445359.8
  238845.8   2444093.2
  237988.7   2443214.7
  238060.4   2442498.3
  238410.3   2441210.4
  237997.5   2441126.5
  238430.5   2440598.1
  238212.8   2439233.0
  238594.3   2438655.9
  238954.8   2437571.7
  237694.7   2436608.3
  237446.1   2435651.8
  236650.7   2435075.6
  236732.9   2434613.9
  236391.5   2433762.7
  234976.1   2432858.3
  234418.5   2432882.1
  234418.5   2432882.1
  234139.4   2432538.0
  233581.8   2432561.9
  233581.8   2432561.9
  233024.1   2432486.1
  233158.0   2432173.7
  233095.7   2431820.6
  233167.4   2431256.9
  233249.5   2430795.1
  232856.3   2430099.1
  232813.8   2429031.8
  232730.5   2428425.2
  232853.7   2427706.5
  233142.5   2427337.5
  233524.2   2426811.2
  233296.4   2426363.0
  234483.6   2425597.8
  234947.4   2424457.0
  234812.5   2423851.5
  235214.3   2422612.1
  234439.2   2422442.4
  233540.6   2422787.6
  233613.3   2423141.8
  233417.3   2423404.4
  233304.6   2424325.7
  232199.5   2424578.3
  231684.0   2425568.7
  231199.1   2426099.6
  230662.7   2426682.6
  230662.7   2426682.6
  229732.7   2426469.0
  229443.8   2426686.4
  228907.3   2427219.6
  228907.3   2427219.6
  228741.7   2426920.9
  228431.8   2426934.6
  228360.2   2427447.4
  227751.1   2427677.4
  227245.1   2427751.2
  227245.1   2427751.2
  226934.9   2427561.2
  226790.8   2427872.5
  226790.8   2427872.5
  226429.0   2427736.9
  226409.1   2428247.3
  225500.5   2428440.3
  224871.8   2429282.7
  224871.8   2429282.7
  224406.7   2429099.7
  223713.7   2428468.6
  223341.4   2428180.2
  223175.4   2427728.8
  222865.5   2427742.6
  222865.5   2427742.6
  222792.3   2427236.7
  222988.3   2427075.8
  222945.5   2426212.3
  222676.2   2425765.5
  222469.4   2425672.8
  222219.9   2424767.6
  221403.7   2424753.5
  220701.9   2425141.2
  220083.7   2426034.8
  220208.5   2426487.4
  220064.2   2426647.1
  220064.2   2426647.1
  219599.1   2426515.1
  219300.0   2426731.6
  219396.8   2428713.3
  219481.0   2429524.7
  219575.5   2430335.0
  219958.5   2430827.0
  219558.6   2432270.4
  219156.0   2432339.9
  218848.2   2433372.4
  218249.6   2433500.9
  217858.1   2433925.8
  217591.3   2434753.4
  217262.1   2435327.6
  216840.5   2436111.3
  216728.7   2436930.9
  216802.2   2437537.5
  217391.7   2438072.1
  217929.7   2438659.0
  217745.0   2439226.2
  218200.9   2440072.3
  218200.9   2440072.3
  218706.6   2440049.2
  218894.1   2440905.8
  219358.5   2440937.0
  219575.9   2441283.1
  219575.9   2441283.1
  218967.0   2441260.0
  218885.5   2441772.8
  218608.2   2442446.5
  218186.3   2443077.4
  219177.9   2443541.5
  220004.2   2443962.9
  220128.7   2444313.6
  219881.4   2444478.0
  219954.5   2444932.9
  219780.5   2445703.9
  219481.7   2445870.5
  219565.2   2446376.4
  219236.5   2447103.3
  219402.1   2447400.9
  219062.2   2447671.7
  218928.9   2448085.0
  218485.9   2448360.4
  218662.2   2448861.7
  218116.4   2449292.4
  218086.2   2449651.2
  218241.2   2449797.0
  218077.9   2450669.8
  217749.0   2451193.1
  217822.3   2451749.9
  217566.3   2452628.5
  217413.8   2453705.0
  217332.5   2454267.7
  216808.3   2455054.9
  216552.6   2456035.4
  216791.2   2456736.9
  216370.8   2457787.4
  216166.0   2458458.9
  215816.4   2458868.2
  215395.3   2459550.1
  215025.7   2460228.5
  214388.2   2460919.8
  213853.1   2461300.8
  213709.5   2461612.3
  213204.6   2461686.5
  213030.5   2462153.1
  213228.9   2463213.4
  213198.9   2463622.0
  212840.6   2464606.1
  212626.4   2465532.3
  212308.9   2466361.3
  212249.2   2467229.5
  211880.2   2468011.1
  211644.2   2468378.1
  211223.8   2469211.8
  210494.2   2469906.8
  209815.9   2470549.7
  209270.6   2470778.1
  208839.5   2471358.3
  208143.1   2472866.1
  207579.3   2473860.8
  206809.3   2474710.0
  205740.8   2475625.4
  204805.8   2476330.1
  203767.9   2477040.8
  202884.0   2477590.4
  201794.3   2478150.7
  200756.3   2478758.6
  199810.8   2479261.0
  199111.1   2479395.1
  198537.0   2480135.5
  197900.2   2480571.7
  196759.8   2481236.7
  195968.3   2481579.4
  195269.5   2481917.3
  194324.1   2482369.2
  193492.5   2482967.9
  192661.6   2483719.5
  192058.4   2484818.0
  191433.2   2485509.1
  191404.3   2486019.7
  190819.6   2486505.8
  190315.6   2486580.9
  190315.6   2486580.9
  189892.4   2486243.7
  183373.8   2490015.4
  182955.2   2490749.2
  182164.7   2491143.6
  181941.2   2491764.7
  181356.9   2492251.2
  180864.6   2492580.0
  180446.4   2493363.7
  180045.3   2493383.2
  179399.3   2493821.4
  178723.6   2494515.5
  178819.7   2495275.8
  178430.6   2495650.8
  177979.1   2495876.6
  177560.9   2496609.4
  176375.5   2498194.1
  175454.9   2499206.3
  174619.2   2500724.1
  174218.6   2500793.7
  174006.5   2501568.8
  173401.1   2501801.0
  173835.6   2502340.4
  173543.1   2503475.8
  173177.2   2504308.1
  172634.3   2504690.7
  172080.0   2506856.2
  172257.0   2507307.1
  172896.9   2507836.5
  173475.1   2508368.5
  173869.3   2509114.0
  173605.8   2509839.6
  173937.3   2510383.8
  173937.3   2510383.8
  173943.8   2509619.7
  174229.4   2509198.6
  174715.0   2509734.4
  174481.2   2510256.0
  174646.4   2510400.3
  174658.6   2510807.7
  174474.7   2511020.1
  174835.3   2511206.6
  174497.8   2511528.3
  174857.8   2511612.9
  174767.1   2511973.3
  174531.7   2512138.3
  174531.7   2512138.3
  173812.4   2512120.8
  173903.3   2511811.4
  173828.9   2511305.7
  173303.4   2511024.9
  173439.8   2511579.0
  173411.3   2512039.8
  173137.8   2512816.4
  172863.3   2513390.3
  172863.3   2513390.3
  172577.8   2513811.4
  172794.8   2514055.0
  172713.9   2514314.6
  172211.5   2514491.0
  171908.6   2515524.6
  171726.3   2516042.7
  171217.9   2517033.1
  170577.9   2518389.7
  170548.7   2518696.6
  169989.1   2519691.8
  169778.1   2520568.9
  169229.4   2521665.9
  168784.6   2522960.6
  168207.8   2524516.3
  167557.6   2525770.1
  167409.2   2526796.4
  167096.1   2527729.4
  166821.8   2528251.4
  166674.7   2529479.3
  165762.8   2531585.1
  165765.5   2532084.5
  165357.7   2532545.3
  164983.9   2533585.1
  164609.1   2534444.3
  164509.6   2534979.8
  164509.6   2534979.8
  164188.8   2536298.4
  164372.2   2537877.6
  164257.5   2539351.2
  163586.6   2540411.5
  163315.0   2541324.5
  162286.9   2542635.1
  161503.6   2543693.9
  160320.9   2544799.5
  158413.5   2546405.8
  157342.0   2547207.5
  156208.9   2547957.7
  154974.3   2548859.2
  153797.8   2549202.3
  153797.8   2549202.3
  152936.5   2549142.5
  152327.7   2548525.1
  152327.7   2548525.1
  152102.9   2550201.1
  151695.6   2550603.6
  151113.5   2552480.2
  151209.8   2553092.0
  151305.7   2553651.8
  150240.3   2553691.0
  150155.2   2556285.3
  151276.0   2556906.9
  152438.3   2557632.5
  153651.7   2558357.8
  155333.7   2558681.5
  155321.6   2560003.9
  155315.2   2560615.3
  154548.7   2560860.5
  154259.7   2563706.4
  153792.9   2564362.8
  153736.1   2565074.2
  154235.4   2566300.3
  154330.8   2566810.3
  154888.2   2567528.8
  155231.6   2568397.1
  155371.5   2569467.2
  156283.5   2569629.8
  156425.5   2571056.4
  156724.6   2571415.6
  156975.0   2572181.5
  157273.0   2572389.0
  157428.5   2572695.9
  157726.2   2572852.4
  157829.8   2573056.7
  157576.2   2573409.3
  157663.1   2574223.9
  158679.0   2574693.9
  158680.5   2574948.6
  158878.4   2575510.0
  157543.4   2576360.0
  157484.5   2576765.7
  158645.1   2577491.6
  157473.3   2578240.9
  158473.8   2579574.8
  158921.8   2580902.2
  158956.9   2581615.2
  158956.9   2581615.2
  159009.9   2581921.7
  158652.5   2582019.1
  158689.2   2582985.7
  159100.5   2583346.5
  159093.0   2583805.0
  160245.5   2584988.6
  161109.0   2585760.8
  161109.0   2585760.8
  161369.7   2584898.7
  161827.4   2584497.3
  161973.3   2584957.1
  162171.5   2585620.5
  162171.5   2585620.5
  162690.6   2585219.8
  163122.7   2587412.3
  163219.2   2588175.9
  163415.5   2588534.7
  163349.0   2589399.0
  163197.2   2589651.3
  163197.2   2589651.3
  162797.9   2589545.1
  162496.6   2588727.3
  161967.0   2590756.1
  162264.9   2591014.6
  162005.6   2592079.4
  161588.4   2592379.8
  161793.7   2592534.7
  162085.6   2593505.4
  162692.5   2594172.9
  161416.3   2594362.2
  161608.2   2595686.7
  161594.8   2596857.5
  162097.3   2597167.9
  162397.2   2597781.9
  162849.8   2598296.4
  163047.5   2598908.8
  163345.3   2599167.3
  162939.0   2599568.4
  162939.0   2599568.4
  160512.8   2598675.9
  160207.2   2598825.1
  159281.0   2599374.6
  159116.2   2600796.6
  159299.3   2602325.0
  159299.3   2602325.0
  160421.8   2602185.2
  160719.9   2602493.4
  160719.9   2602493.4
  161225.9   2603415.2
  161225.9   2603415.2
  162040.4   2603018.2
  162340.3   2603632.2
  162536.1   2603938.9
  161612.3   2604843.8
  161706.1   2605151.1
  161198.9   2605704.6
  161193.6   2606518.7
  161382.0   2607284.0
  161631.1   2607948.1
  161368.4   2608402.7
  161501.7   2610185.0
  161808.9   2610341.5
  161802.3   2610951.8
  161466.5   2611115.5
  161271.5   2612624.1
  161522.7   2613644.8
  161947.5   2616396.7
  162406.9   2616452.7
  162946.3   2617934.7
  163742.5   2619724.2
  164782.6   2621415.9
  165633.9   2622239.4
  165633.9   2622239.4
  166253.7   2621839.3
  166501.7   2622402.7
  165482.4   2622491.7
  164668.9   2622889.6
  164648.7   2624669.6
  165086.6   2626302.9
  167064.7   2626326.9
  166954.8   2626731.7
  167152.6   2627447.2
  167705.8   2627911.4
  167647.8   2628470.0
  167694.4   2629487.5
  167430.2   2629637.5
  168487.3   2630921.8
  168487.3   2630921.8
  168792.5   2630823.7
  168784.9   2631282.3
  169533.5   2632105.4
  169330.5   2632255.0
  169433.6   2632460.4
  169019.4   2633116.2
  169411.5   2633985.6
  170211.2   2634860.6
  170009.1   2635163.0
  170307.1   2635624.3
  170307.1   2635624.3
  171324.7   2635382.8
  171723.5   2635642.0
  171723.5   2635642.0
  173198.5   2635202.1
  173657.9   2635360.3
  173657.9   2635360.3
  174217.2   2635163.5
  174616.0   2635422.8
  174616.0   2635422.8
  175489.7   2634924.3
  176192.8   2634934.0
  175736.8   2635437.0
  175075.3   2635581.0
  174602.5   2636745.3
  174602.5   2636745.3
  175256.2   2637058.7
  175461.3   2637315.7
  174718.7   2639494.7
  175170.6   2640212.3
  175875.8   2640678.3
  176877.7   2641403.0
  177568.3   2643039.8
  177918.1   2643756.8
  179357.3   2646521.9
  179842.6   2647901.7
  180344.1   2648468.6
  181032.3   2649748.9
  182231.2   2651443.3
  181774.4   2651691.3
  181774.4   2651691.3
  181061.5   2651580.6
  180452.3   2651878.2
  181083.1   2653971.7
  182448.0   2654244.3
  182448.0   2654244.3
  182955.6   2653996.1
  183101.2   2654659.9
  184089.3   2657114.1
  183978.5   2657367.1
  185625.2   2659322.2
  186126.2   2659888.1
  188339.0   2661189.8
  189092.7   2661454.6
  189135.4   2661912.9
  189323.2   2663034.0
  189883.2   2663194.5
  190417.5   2664524.6
  191078.5   2664533.0
  191629.6   2665049.0
  191723.2   2665559.2
  191418.6   2665656.8
  191852.9   2667443.7
  192286.1   2668975.9
  192286.1   2668975.9
  190059.9   2668945.2
  190401.1   2670323.8
  191095.6   2671147.2
  192341.8   2672690.4
  194863.1   2672979.5
  195516.1   2673649.2
  195354.5   2673902.4
  196006.9   2674470.3
  196201.5   2674880.4
  195948.7   2675182.6
  196651.9   2675751.5
  196795.8   2676211.7
  197101.0   2676316.9
  197244.6   2676675.2
  197752.6   2676689.9
  197752.6   2676689.9
  197329.5   2677652.8
  198023.8   2678629.3
  196494.7   2679881.0
  197036.3   2680752.9
  197181.5   2681568.6
  198265.5   2683618.0
  199104.8   2685456.8
  199780.9   2687141.2
  200788.6   2687921.8
  200788.6   2687921.8
  201143.2   2687723.4
  201837.4   2688855.2
  201837.4   2688855.2
  202597.0   2688357.6
  203256.3   2688214.7
  203349.7   2688825.8
  203645.2   2689185.8
  203646.0   2689439.5
  203874.0   2690865.3
  203773.3   2691117.0
  203857.7   2692083.6
  204002.1   2692798.6
  204449.4   2693060.8
  204694.6   2693575.0
  205049.8   2693580.5
  204990.2   2693987.2
  205802.8   2694253.8
  206240.8   2694820.6
  206596.1   2694877.1
  206495.8   2695231.8
  207187.6   2695853.2
  206985.3   2696053.2
  207188.6   2696208.7
  207077.7   2696410.7
  207222.8   2697430.3
  207618.7   2697537.6
  207315.2   2697787.7
  207661.0   2698096.8
  207509.6   2698348.7
  207907.3   2699064.1
  207907.3   2699064.1
  208312.6   2698916.7
  208252.8   2699271.3
  208701.2   2699988.8
  209199.8   2700557.7
  209080.5   2701372.1
  209080.5   2701372.1
  209637.7   2701177.8
  209476.8   2701634.6
  209476.8   2701634.6
  210034.4   2701592.0
  209781.9   2701944.9
  210025.7   2702101.5
  210565.9   2703074.6
  210811.5   2703889.1
  211420.8   2704200.8
  211420.8   2704200.8
  211756.3   2704564.3
  211756.3   2704564.3
  211968.9   2704416.4
  212345.0   2704787.6
  212935.3   2705645.5
  213757.9   2706165.0
  214285.9   2706491.5
  214083.5   2706647.0
  214195.9   2707002.3
  214653.5   2707556.0
  214766.9   2708318.8
  215791.9   2708815.8
  215995.6   2709220.7
  215793.1   2709325.3
  216362.2   2709929.7
  216526.2   2710691.4
  217197.8   2711853.8
  217729.5   2713935.9
  218158.2   2715306.1
  218627.4   2716725.0
  219146.0   2717636.4
  219796.8   2718792.4
  220134.3   2720312.4
  220937.3   2721696.3
  221241.5   2721902.8
  221232.3   2722360.2
  222955.1   2723042.4
  222955.1   2723042.4
  223866.3   2723001.8
  224009.7   2723868.8
  224355.0   2724484.0
  224760.9   2724997.2
  224954.6   2725711.2
  225604.1   2726634.9
  226009.5   2726893.3
  226912.5   2728176.6
  231418.0   2729146.7
  232076.3   2729521.3
  232573.7   2730749.0
  233120.5   2731010.8
  234629.8   2732301.6
  235177.1   2733122.9
  235867.5   2735472.4
  237122.8   2736454.7
  237122.8   2736454.7
  238782.7   2737544.3
  239237.8   2737550.5
  240037.9   2738934.4
  239775.4   2739592.5
  240505.1   2741739.6
  240546.1   2742554.8
  240698.2   2743320.0
  240638.1   2744031.1
  240992.0   2744188.2
  241083.3   2744596.8
  240830.7   2744848.4
  240830.7   2744848.4
  240173.4   2744585.3
  239911.1   2745396.2
  240053.3   2746263.4
  242188.0   2749548.2
  242188.0   2749548.2
  242542.0   2749960.1
  243745.1   2751145.7
  244088.9   2751659.5
  244483.3   2752631.8
  244827.2   2753654.0
  245221.5   2754371.6
  246221.9   2755504.3
  246111.0   2756011.7
  247101.4   2758162.4
  248151.9   2759245.5
  248151.9   2759245.5
  248505.4   2759759.3
  248747.8   2760525.8
  249444.6   2760993.2
  250292.7   2762429.7
  250837.9   2762996.9
  251080.1   2764221.9
  251110.3   2765341.7
  251463.5   2766262.2
  252260.8   2767037.6
  252502.9   2767753.2
  253592.5   2769244.3
  254601.3   2770275.8
  256104.6   2770856.8
  256861.2   2771120.8
  259170.6   2772935.3
  260471.6   2773564.3
  262892.0   2774362.7
  265020.3   2774597.5
  267177.8   2775544.9
  267278.1   2776004.7
  269586.1   2777311.5
  270835.6   2777991.2
  272095.8   2778264.6
  272509.1   2778372.7
  272750.6   2778733.1
  272750.6   2778733.1
  273204.5   2778638.6
  273960.1   2779107.3
  274413.5   2779318.6
  274967.8   2779479.1
  275522.0   2779691.7
  275522.0   2779691.7
  277298.2   2779006.2
  277963.7   2779016.4
  277963.7   2779016.4
  278961.4   2779337.5
  279414.3   2779751.6
  279414.3   2779751.6
  281794.2   2779687.2
  282298.0   2779847.9
  283305.9   2780067.4
  285169.7   2780707.9
  285673.2   2780970.6
  286076.1   2781130.1
  287777.6   2782023.0
  288583.4   2782291.1
  290058.8   2779708.0
  289352.7   2780564.0
  288597.6   2782010.0
  288436.9   2783252.0
  288208.6   2783920.0
  287735.0   2784791.0
  288124.0   2785012.0
  288120.0   2785569.0
  288156.1   2786124.0
  288923.9   2786008.0
  289411.3   2785870.0
  289935.5   2785639.0
  290423.0   2785305.0
  290535.8   2786852.7
  291090.1   2786862.1
  291442.1   2787122.4
  291630.9   2787990.3
  293166.5   2790001.1
  293819.6   2790572.5
  293807.5   2791182.8
  294149.1   2791494.1
  294236.8   2792412.6
  294537.0   2793028.4
  294978.2   2793645.7
  295279.7   2793855.0
  295279.7   2793855.0
  295884.8   2793661.0
  297241.1   2794702.4
  297519.9   2795622.8
  299379.1   2796774.8
  299932.6   2796886.5
  300223.1   2797298.6
  300372.9   2797656.9
  300461.2   2798269.8
  300461.2   2798269.8
  300814.0   2798173.7
  300775.7   2797664.0
  301732.7   2797579.0
  302396.8   2797743.3
  302938.6   2798261.6
  302825.8   2798768.5
  303126.3   2799180.6
  303126.3   2799180.6
  303580.0   2799036.2
  303591.7   2798629.7
  303995.1   2798484.0
  304509.2   2798339.8
  305012.3   2798450.4
  305012.3   2798450.4
  305466.3   2798255.1
  305918.6   2798466.3
  306068.4   2798774.9
  306409.4   2799086.5
  307164.6   2799099.6
  307164.6   2799099.6
  307779.9   2798856.3
  308295.2   2798457.5
  309101.7   2798268.3
  309919.8   2797723.6
  310435.9   2797173.1
  311454.0   2796987.2
  311706.9   2796736.9
  312942.9   2795181.8
  313106.4   2794676.3
  313096.7   2792435.4
  313967.2   2791586.5
  314370.2   2791593.9
  314721.1   2791956.7
  314721.1   2791956.7
  314784.0   2791448.6
  314535.0   2790833.7
  315782.7   2789125.0
  316134.9   2789233.0
  316134.9   2789233.0
  316136.1   2788978.2
  316852.8   2788738.1
  317255.4   2788846.4
  317255.4   2788846.4
  317457.7   2788697.9
  318060.0   2789167.2
  318060.0   2789167.2
  318263.1   2788865.8
  318513.7   2789125.2
  318502.1   2789429.8
  319556.2   2790212.8
  319556.2   2790212.8
  319959.5   2790169.4
  319468.6   2789599.7
  319166.4   2789594.9
  318817.3   2788875.3
  319080.6   2788626.3
  318189.1   2787540.6
  318304.8   2786575.3
  318720.6   2786074.4
  319425.6   2786188.8
  319425.6   2786188.8
  320043.1   2785691.3
  320546.5   2785802.5
