# Latitude(North), Longitude(East)
535 514
536 513
535 511
537 513
539 509
540 510
540 511
539 513
540 513
541 510
543 511
543 513
543 514
544 514
545 514
546 514
546 513
548 513
547 514
545 515
545 515
546 517
548 518
549 520
548 520
547 519
546 520
545 518
544 518
542 516
541 516
541 516
542 519
541 519
540 517
539 518
539 519
538 520
536 520
537 520
538 521
539 520
540 520
540 521
542 522
543 522
544 521
546 523
545 524
546 525
547 524
547 525
545 527
545 528
544 529
545 530
546 529
547 528
547 529
546 531
547 533
546 534
545 533
545 530
544 530
544 529
543 528
543 525
543 522
542 522
541 522
541 523
540 523
540 524
539 525
539 524
538 523
538 524
538 525
536 524
536 523
532 522
533 522
535 522
534 521
533 520
533 519
530 520
530 518
529 518
528 519
528 516
526 517
527 515
526 515
525 516
525 514
524 515
523 514
523 513
523 514
520 514
520 512
519 513
518 512
516 511
518 513
519 514
519 515
519 515
520 515
522 517
524 517
523 518
524 518
525 519
522 519
524 521
523 523
524 524
525 524
525 523
527 522
526 523
526 524
525 525
527 525
529 525
527 527
526 527
526 528
528 529
527 530
526 529
526 531
527 532
526 533
524 532
524 532
523 532
525 533
523 534
523 535
524 535
524 536
523 537
524 539
525 540
526 540
525 541
526 542
525 542
525 543
524 543
522 543
521 543
521 543
524 542
524 541
523 541
524 539
523 537
523 536
522 536
522 538
521 539
520 540
519 541
519 539
519 539
518 538
517 536
519 536
519 534
520 533
518 532
517 534
516 533
515 533
514 534
514 534
514 536
513 536
513 537
512 539
513 540
511 541
509 541
510 540
509 538
508 537
508 536
510 536
509 535
511 535
511 534
510 533
511 533
514 532
514 532
514 530
515 531
516 532
517 531
516 530
518 529
518 529
517 529
516 528
517 527
516 527
514 528
514 526
513 526
514 524
515 523
514 522
513 522
514 523
513 524
512 525
511 524
511 526
511 528
512 528
511 530
510 529
509 529
508 528
508 527
508 526
508 525
507 526
506 528
505 527
505 526
505 529
506 529
507 529
507 530
507 531
507 532
507 533
506 533
506 534
505 535
505 536
505 536
505 537
505 537
504 538
504 539
503 538
502 538
503 536
504 534
503 532
502 532
502 533
501 534
502 535
500 536
499 534
499 534
498 533
498 532
495 532
495 532
494 531
499 531
500 530
500 529
500 529
498 529
497 529
496 529
496 528
496 527
496 526
496 525
495 523
496 523
497 524
496 521
497 520
498 520
498 519
500 519
502 521
502 520
501 519
499 518
500 517
499 517
498 518
497 519
496 519
497 516
497 516
496 517
496 517
496 516
494 515
494 515
495 516
494 520
494 521
493 521
493 522
494 523
493 524
494 526
493 526
494 527
492 528
492 529
491 528
491 525
490 525
489 526
489 525
488 525
487 524
488 523
488 521
487 522
486 522
486 523
486 524
485 524
486 525
486 526
484 526
484 526
483 525
482 525
484 525
484 523
483 523
482 521
479 522
479 521
480 520
479 519
480 519
481 519
480 517
481 517
481 515
482 516
483 515
482 513
482 511
483 510
482 510
482 508
481 508
481 509
480 510
481 511
480 512
480 512
480 515
478 515
478 514
477 513
478 514
477 515
477 516
477 518
477 518
476 519
473 518
473 517
471 517
469 515
468 516
469 515
470 514
472 514
471 512
470 512
469 512
469 511
471 510
472 510
472 508
473 508
473 507
472 507
471 509
469 509
468 507
468 509
468 509
466 509
465 510
467 510
467 512
466 512
467 513
465 513
463 512
462 512
462 513
461 512
460 513
460 512
461 511
461 509
462 509
463 509
464 505
463 505
464 503
463 503
463 504
462 504
462 506
462 507
461 506
460 506
461 508
460 509
459 508
459 508
457 510
457 508
456 507
456 506
456 505
457 504
456 503
456 504
455 505
455 506
453 506
455 509
453 511
452 509
451 509
451 508
451 507
449 508
448 506
449 506
449 505
449 504
449 503
447 503
447 504
447 504
447 505
446 508
445 507
444 508
443 508
443 507
444 506
445 505
443 505
441 504
441 504
440 504
440 504
438 505
437 505
437 504
438 503
438 502
439 502
440 501
441 502
441 501
441 500
441 499
442 498
441 498
440 500
439 501
438 500
435 501
434 500
434 502
434 503
433 503
432 502
431 502
430 501
429 501
428 501
428 500
429 499
430 498
430 497
432 497
430 495
432 493
431 492
431 491
431 491
430 491
431 493
430 494
428 495
427 495
428 497
427 498
426 499
425 499
424 500
423 495
421 494
420 496
420 496
422 499
420 499
420 499
419 497
418 497
418 496
416 497
415 496
416 495
413 493
412 494
412 493
413 492
413 491
413 491
414 490
415 489
414 488
413 489
413 485
416 484
416 483
415 483
415 482
417 481
417 481
416 480
414 482
414 482
414 484
413 484
412 485
411 486
411 489
410 488
411 487
411 483
410 481
410 483
410 484
409 484
410 486
409 486
409 488
409 487
408 489
407 488
406 488
407 489
407 490
408 489
409 491
410 491
409 493
408 493
407 491
405 491
405 490
403 490
402 489
401 488
399 489
399 487
400 486
401 485
402 486
403 485
402 484
402 483
402 481
401 484
401 484
400 483
399 483
399 484
399 485
397 486
396 488
395 486
395 485
395 485
394 485
391 484
391 484
391 482
393 482
393 482
394 483
395 481
394 482
393 481
392 481
392 480
391 480
391 478
392 478
392 477
391 476
394 475
395 474
392 474
391 475
391 476
390 476
389 475
389 474
387 475
387 475
388 475
389 476
388 476
388 477
389 477
388 478
389 479
388 481
389 482
388 483
389 485
388 485
387 483
386 482
385 483
386 482
386 481
387 481
386 480
384 479
383 480
383 481
382 480
381 480
382 479
380 479
379 478
381 478
381 477
381 476
380 476
381 477
379 476
379 475
377 475
378 477
378 478
379 481
378 481
378 480
377 478
377 478
374 476
376 475
376 474
376 473
375 474
374 473
373 472
373 471
374 469
374 469
373 467
373 470
371 471
372 472
369 472
369 471
369 470
370 470
370 469
369 469
371 468
371 467
369 467
370 466
371 466
371 465
371 464
368 464
367 464
366 465
365 467
364 467
363 466
364 463
363 462
363 464
362 466
361 465
361 465
360 466
359 467
358 466
358 465
358 464
358 462
357 462
356 464
356 464
355 465
354 465
354 467
354 466
353 464
352 464
352 463
352 462
351 461
349 462
348 463
348 463
347 462
349 461
349 460
348 459
348 458
347 459
347 458
346 457
347 457
348 457
349 456
350 456
351 457
350 457
349 458
351 458
350 460
351 460
352 459
353 460
353 457
354 461
355 461
355 463
356 462
356 460
357 460
357 460
359 460
360 460
360 459
359 459
359 458
359 457
358 457
359 456
358 455
358 455
360 454
360 454
360 456
362 456
362 459
363 459
363 459
363 458
364 457
365 458
367 457
368 457
368 458
369 459
369 458
369 455
370 456
371 455
372 456
373 455
374 453
375 454
374 455
374 456
374 457
373 457
372 458
371 459
372 459
373 459
374 460
373 462
375 462
376 461
377 458
378 457
378 456
379 456
379 457
379 458
380 459
380 460
379 462
379 463
378 464
379 465
379 466
380 465
381 467
381 466
382 466
384 468
385 467
384 467
383 466
384 465
383 465
381 464
381 463
382 462
382 462
383 460
383 459
384 458
387 458
387 458
388 459
389 458
389 458
389 459
390 459
390 457
390 456
389 456
389 455
387 455
387 454
388 454
389 453
391 456
392 457
391 461
391 461
391 462
395 459
395 460
394 461
394 462
393 463
393 464
396 462
397 463
397 461
398 460
400 462
401 461
402 463
402 464
403 464
403 464
404 465
405 463
404 462
401 460
398 459
397 458
399 458
399 457
396 456
396 455
394 454
396 454
397 454
397 455
398 456
399 455
400 456
400 455
401 457
402 457
402 458
404 459
405 459
404 458
402 456
403 455
406 457
406 456
407 458
406 458
406 459
408 461
409 462
410 463
410 465
410 467
411 466
411 462
410 461
409 459
408 458
409 459
411 459
411 461
415 465
416 464
418 466
417 468
418 467
419 465
422 466
422 467
423 467
424 468
424 469
424 470
424 470
424 467
424 466
424 467
422 465
419 465
418 464
418 464
419 463
418 463
417 463
416 462
415 462
414 460
414 460
413 459
414 458
412 458
412 456
411 456
411 456
410 455
409 453
408 452
407 451
409 452
410 452
412 454
413 454
414 453
415 454
415 453
416 454
415 456
416 457
417 456
418 457
420 457
421 458
424 459
428 461
428 463
428 463
429 463
428 462
428 461
427 460
426 458
422 456
424 455
426 456
427 457
428 458
429 456
430 455
430 455
430 456
430 457
431 456
431 456
432 456
432 457
433 458
433 456
434 455
434 455
436 456
435 457
436 459
437 460
436 462
437 461
439 461
438 460
436 458
437 457
437 455
434 453
433 454
432 452
434 452
435 452
436 453
437 454
438 455
439 455
438 453
439 453
440 453
440 452
439 451
440 449
440 451
442 451
442 451
443 451
443 451
442 453
443 455
443 455
445 453
446 453
446 455
444 456
445 457
445 457
444 457
443 458
443 457
443 459
441 459
442 460
443 460
444 460
445 459
446 461
447 461
448 460
448 459
447 459
448 457
449 456
448 456
447 454
447 453
448 454
448 455
450 455
450 455
451 454
452 455
451 456
452 456
453 457
453 458
451 459
451 460
452 461
453 460
453 459
454 460
454 458
455 457
456 457
455 459
456 459
456 460
457 462
456 462
455 463
458 464
458 465
456 466
455 466
454 467
453 466
454 468
452 469
450 469
451 470
450 471
449 470
448 471
444 469
445 471
447 471
446 473
445 473
445 474
446 474
448 472
450 472
452 472
452 474
453 473
453 472
455 470
457 472
456 473
457 472
458 471
459 470
460 470
461 470
461 471
460 471
459 472
459 473
459 475
459 475
460 473
461 473
463 475
462 476
462 476
463 478
463 479
463 479
463 481
462 483
461 483
460 482
459 483
459 481
458 481
456 481
454 480
453 481
452 481
452 482
453 482
454 481
454 482
455 482
456 482
455 483
456 483
457 482
458 482
458 483
459 484
460 484
459 487
459 489
458 490
459 490
460 489
460 486
461 485
463 484
464 482
465 482
463 487
464 488
463 489
464 489
464 485
465 484
467 486
467 483
468 484
471 484
471 485
471 487
470 487
471 487
471 486
472 485
473 485
474 487
475 486
477 487
478 488
478 490
477 489
476 489
476 490
477 490
479 492
481 491
482 492
483 492
482 491
479 491
478 490
479 489
479 488
478 486
478 486
475 485
474 484
474 483
473 483
472 483
471 483
471 482
470 482
469 482
468 481
467 482
466 482
466 480
465 479
465 479
465 477
466 476
467 476
468 476
469 475
469 476
470 477
469 478
470 478
470 478
472 478
471 479
471 480
472 480
473 480
473 481
475 482
475 481
476 481
477 482
477 482
477 483
478 484
478 483
479 482
479 483
480 484
480 488
481 488
481 489
483 491
484 491
482 490
482 489
483 489
482 488
482 487
483 487
481 487
482 486
481 485
481 484
481 484
481 483
481 481
480 480
481 480
483 481
484 480
486 479
485 481
486 481
487 483
486 484
487 484
489 485
487 487
486 487
488 488
489 490
489 492
490 492
490 492
492 494
492 493
491 493
490 492
490 490
488 487
489 487
490 486
489 486
489 485
490 485
490 484
489 483
489 482
490 481
489 480
488 480
488 479
487 478
488 477
489 478
490 477
489 476
490 476
490 475
491 475
491 473
492 473
492 472
493 472
493 473
494 474
493 476
491 476
491 477
494 477
493 478
494 479
495 480
496 480
496 482
497 481
498 483
499 485
499 486
500 488
500 489
501 488
499 486
499 483
498 483
498 482
498 480
497 480
496 478
495 478
494 476
495 475
496 476
497 476
496 474
497 474
497 473
500 473
502 473
502 474
503 474
502 475
503 477
503 476
505 476
505 475
507 475
505 479
507 477
507 476
508 476
508 477
508 477
509 478
508 479
509 478
510 478
511 479
511 480
511 481
510 481
511 481
512 483
512 483
513 482
514 483
514 486
514 484
515 483
514 483
514 482
513 482
512 481
512 477
511 476
511 476
509 474
509 472
512 472
511 473
510 474
511 475
513 476
514 478
514 476
514 475
516 476
517 476
516 477
517 478
517 478
518 479
518 480
519 482
519 479
520 478
519 477
520 476
521 477
522 477
522 478
522 479
524 480
525 481
527 482
525 482
524 481
523 483
524 483
524 485
525 484
526 483
526 485
527 485
528 485
528 486
529 485
530 486
530 487
529 487
527 487
525 486
525 487
524 488
524 489
524 490
524 491
525 492
525 490
525 490
525 489
527 490
528 490
527 491
528 492
530 492
530 494
531 492
532 493
533 494
534 495
532 496
532 497
532 498
533 496
534 497
534 500
534 502
536 501
537 498
538 500
537 501
537 502
538 503
540 502
541 503
541 503
541 501
542 502
543 505
542 505
542 506
542 507
541 506
541 507
541 506
540 505
539 507
539 507
538 506
538 506
538 507
536 508
536 509
535 509
535 506
533 505
534 504
532 502
531 503
530 502
528 500
528 501
530 503
530 504
528 505
527 506
529 505
530 505
531 503
532 503
533 504
532 507
533 507
533 509
534 511
531 512
531 511
531 512
531 513
532 514
531 516
532 516
533 513
534 513
535 514
534 515
535 514
